0.750000 0.740000 
0.750000 0.740000 
0.740000 0.740000 
0.740000 0.740000 
0.740000 0.750000 
0.740000 0.740000 
0.750000 0.740000 
0.750000 0.740000 
0.750000 0.740000 
0.740000 0.740000 
0.750000 0.740000 
0.740000 0.740000 
0.740000 0.740000 
0.740000 0.740000 
0.750000 0.740000 
0.740000 0.740000 
0.750000 0.740000 
0.740000 0.740000 
0.750000 0.740000 
0.750000 0.740000 
0.750000 0.740000 
0.750000 0.750000 
0.740000 0.730000 
0.750000 0.730000 
0.740000 0.740000 
0.750000 0.740000 
0.740000 0.740000 
0.740000 0.750000 
0.750000 0.740000 
0.750000 0.740000 
0.750000 0.740000 
0.750000 0.740000 
0.750000 0.740000 
0.760000 0.740000 
0.750000 0.740000 
0.750000 0.740000 
0.750000 0.750000 
0.750000 0.740000 
0.750000 0.740000 
0.750000 0.740000 
0.740000 0.740000 
0.750000 0.750000 
0.750000 0.750000 
0.750000 0.750000 
0.750000 0.750000 
0.740000 0.750000 
0.750000 0.740000 
0.750000 0.740000 
0.750000 0.750000 
0.750000 0.750000 
0.750000 0.750000 
0.750000 0.740000 
0.750000 0.750000 
0.750000 0.740000 
0.750000 0.740000 
0.750000 0.750000 
0.740000 0.740000 
0.740000 0.740000 
0.750000 0.740000 
0.750000 0.740000 
0.740000 0.740000 
0.750000 0.740000 
0.740000 0.740000 
0.740000 0.740000 
0.760000 0.740000 
0.750000 0.740000 
0.740000 0.740000 
0.750000 0.740000 
0.750000 0.750000 
0.750000 0.740000 
0.750000 0.740000 
0.750000 0.740000 
0.740000 0.740000 
0.750000 0.740000 
0.750000 0.740000 
0.750000 0.740000 
0.750000 0.750000 
0.750000 0.750000 
0.750000 0.740000 
0.750000 0.740000 
0.750000 0.740000 
0.750000 0.740000 
0.750000 0.740000 
0.740000 0.750000 
0.750000 0.740000 
0.750000 0.740000 
0.750000 0.740000 
0.750000 0.740000 
0.750000 0.740000 
0.750000 0.740000 
0.750000 0.740000 
0.750000 0.740000 
0.750000 0.740000 
0.750000 0.740000 
0.750000 0.730000 
0.750000 0.740000 
0.760000 0.740000 
0.750000 0.740000 
0.740000 0.740000 
0.750000 0.730000 
0.750000 0.740000 
0.750000 0.740000 
0.740000 0.750000 
0.740000 0.740000 
0.750000 0.740000 
0.750000 0.740000 
0.740000 0.740000 
0.750000 0.740000 
0.750000 0.740000 
0.750000 0.740000 
0.740000 0.740000 
0.740000 0.740000 
0.750000 0.740000 
0.750000 0.750000 
0.740000 0.740000 
0.750000 0.730000 
0.740000 0.740000 
0.750000 0.740000 
0.740000 0.730000 
0.740000 0.740000 
0.750000 0.740000 
0.740000 0.740000 
0.750000 0.730000 
0.740000 0.740000 
0.750000 0.750000 
0.750000 0.740000 
0.740000 0.740000 
0.740000 0.740000 
0.750000 0.740000 
0.740000 0.750000 
0.740000 0.750000 
0.750000 0.740000 
0.750000 0.740000 
0.750000 0.740000 
0.740000 0.730000 
0.740000 0.740000 
0.740000 0.740000 
0.740000 0.730000 
0.750000 0.740000 
0.750000 0.740000 
0.740000 0.740000 
0.740000 0.750000 
0.750000 0.740000 
0.750000 0.740000 
0.740000 0.740000 
0.740000 0.740000 
0.750000 0.740000 
0.740000 0.740000 
0.740000 0.740000 
0.750000 0.740000 
0.750000 0.740000 
0.740000 0.740000 
0.740000 0.740000 
0.740000 0.740000 
0.750000 0.740000 
0.740000 0.740000 
0.740000 0.740000 
0.750000 0.740000 
0.740000 0.740000 
0.750000 0.750000 
0.750000 0.740000 
0.750000 0.740000 
0.750000 0.750000 
0.740000 0.740000 
0.750000 0.740000 
0.740000 0.750000 
0.750000 0.740000 
0.740000 0.740000 
0.750000 0.740000 
0.750000 0.740000 
0.750000 0.740000 
0.750000 0.740000 
0.740000 0.740000 
0.750000 0.740000 
0.740000 0.740000 
0.750000 0.740000 
0.750000 0.740000 
0.750000 0.740000 
0.750000 0.740000 

mprosta apo karekles sth mesh toy ergasthrioy
