1.090000 0.890000 
1.090000 0.910000 
1.080000 0.900000 
1.090000 0.890000 
1.080000 0.900000 
1.080000 0.910000 
1.080000 0.900000 
1.090000 0.890000 
1.090000 0.910000 
1.090000 0.890000 
1.090000 0.900000 
1.090000 0.920000 
1.090000 0.900000 
1.090000 0.930000 
1.090000 0.940000 
1.090000 0.890000 
1.080000 0.910000 
1.080000 0.920000 
1.090000 0.920000 
1.090000 0.920000 
1.090000 0.930000 
1.080000 0.920000 
1.080000 0.920000 
1.090000 0.920000 
1.080000 0.930000 
1.090000 0.930000 
1.080000 0.920000 
1.080000 0.920000 
1.090000 0.920000 
1.080000 0.920000 
1.090000 0.920000 
1.080000 0.920000 
1.090000 0.920000 
1.090000 0.920000 
1.090000 0.920000 
1.090000 0.920000 
1.090000 0.930000 
1.090000 0.920000 
1.090000 0.920000 
1.090000 0.930000 
1.090000 0.920000 
1.080000 0.920000 
1.090000 0.930000 
1.080000 0.930000 
1.080000 0.920000 
1.090000 0.930000 
1.090000 0.930000 
1.090000 0.920000 
1.080000 0.930000 
1.090000 0.930000 
1.090000 0.920000 
1.090000 0.920000 
1.090000 0.930000 
1.090000 0.920000 
1.090000 0.930000 
1.090000 0.930000 
1.080000 0.920000 
1.090000 0.930000 
1.080000 0.920000 
1.090000 0.920000 
1.090000 0.930000 
1.090000 0.920000 
1.090000 0.920000 
1.090000 0.930000 
1.090000 0.930000 
1.090000 0.920000 
1.090000 0.920000 
1.090000 0.930000 
1.090000 0.930000 
1.080000 0.930000 
1.090000 0.920000 
1.080000 0.930000 
1.080000 0.930000 
1.090000 0.920000 
1.090000 0.920000 
1.090000 0.920000 
1.090000 0.920000 
1.080000 0.930000 
1.090000 0.930000 
1.090000 0.920000 
1.080000 0.930000 
1.080000 0.930000 
1.090000 0.930000 
1.090000 0.920000 
1.090000 0.930000 
1.090000 0.920000 
1.090000 0.920000 
1.080000 0.920000 
1.080000 0.930000 
1.090000 0.930000 
1.090000 0.930000 
1.080000 0.930000 
1.090000 0.920000 
1.080000 0.920000 
1.090000 0.920000 
1.090000 0.930000 
1.090000 0.920000 
1.080000 0.930000 
1.080000 0.920000 
1.080000 0.920000 
1.090000 0.930000 
1.090000 0.930000 
1.090000 0.920000 
1.090000 0.920000 
1.080000 0.920000 
1.090000 0.920000 
1.090000 0.920000 
1.090000 0.920000 
1.080000 0.920000 
1.080000 0.930000 
1.090000 0.930000 
1.090000 0.920000 
1.090000 0.870000 
1.080000 0.920000 
1.090000 0.930000 
1.090000 0.930000 
1.080000 0.920000 
1.090000 0.930000 
1.090000 0.930000 
1.090000 0.930000 
1.090000 0.920000 
1.090000 0.920000 
1.090000 0.920000 
1.080000 0.920000 
1.090000 0.920000 
1.090000 0.920000 
1.090000 0.910000 
1.080000 0.910000 
1.090000 0.910000 
1.090000 0.910000 
1.090000 0.920000 
1.090000 0.920000 
1.080000 0.920000 
1.090000 0.920000 
1.090000 0.920000 
1.080000 0.920000 
1.080000 0.920000 
1.090000 0.920000 
1.080000 0.920000 
1.080000 0.920000 
1.080000 0.930000 
1.090000 0.920000 
1.090000 0.920000 
1.090000 0.920000 
1.090000 0.920000 
1.090000 0.920000 
1.090000 0.920000 
1.090000 0.920000 
1.090000 0.920000 
1.080000 0.930000 
1.090000 0.920000 
1.090000 0.920000 
1.090000 0.920000 
1.090000 0.920000 
1.080000 0.920000 
1.080000 0.920000 
1.090000 0.930000 
1.080000 0.920000 
1.090000 0.930000 
1.090000 0.920000 
1.080000 0.920000 
1.090000 0.920000 
1.080000 0.920000 
1.090000 0.920000 
1.090000 0.920000 
1.090000 0.930000 
1.080000 0.920000 
1.080000 0.920000 
1.090000 0.920000 
1.090000 0.930000 
1.080000 0.920000 
1.080000 0.930000 
1.080000 0.930000 
1.090000 0.920000 
1.080000 0.920000 
1.090000 0.920000 
1.090000 0.930000 
1.090000 0.930000 
1.080000 0.930000 
1.080000 0.930000 
1.090000 0.930000 
1.090000 0.920000 
1.090000 0.920000 
1.090000 0.930000 
1.090000 0.930000 
1.090000 0.930000 
1.080000 0.930000 
1.090000 0.920000 
1.080000 0.920000 
1.090000 0.920000 
1.090000 0.920000 
1.080000 0.920000 
1.090000 0.920000 
1.090000 0.930000 
1.090000 0.920000 
1.080000 0.930000 
1.080000 0.930000 
1.090000 0.930000 
1.090000 0.920000 
1.090000 0.920000 
1.090000 0.930000 
1.090000 0.920000 

se anoixto xwro
