0.580000 0.630000 
0.580000 0.630000 
0.580000 0.630000 
0.580000 0.630000 
0.590000 0.640000 
0.580000 0.770000 
0.590000 0.640000 
0.580000 0.630000 
0.580000 0.640000 
0.580000 0.640000 
0.580000 0.630000 
0.580000 0.630000 
0.580000 0.630000 
0.590000 0.630000 
0.580000 0.630000 
0.580000 0.630000 
0.570000 0.630000 
0.570000 0.630000 
0.580000 0.630000 
0.580000 0.630000 
0.580000 0.620000 
0.580000 0.640000 
0.580000 0.630000 
0.580000 0.630000 
0.580000 0.860000 
0.580000 0.630000 
0.580000 0.630000 
0.580000 0.640000 
0.580000 0.640000 
0.580000 0.630000 
0.580000 0.630000 
0.580000 0.640000 
0.580000 0.640000 
0.580000 0.630000 
0.580000 0.620000 
0.570000 0.630000 
0.580000 0.640000 
0.570000 0.630000 
0.580000 0.630000 
0.580000 0.620000 
0.580000 0.640000 
0.570000 0.630000 
0.580000 0.630000 
0.580000 0.630000 
0.580000 0.620000 
0.580000 0.620000 
0.580000 0.620000 
0.580000 0.630000 
0.580000 0.630000 
0.580000 0.630000 
0.580000 0.630000 
0.580000 0.620000 
0.590000 0.630000 
0.580000 0.870000 
0.580000 0.880000 
0.580000 0.860000 
0.580000 0.630000 
0.580000 0.630000 
0.580000 0.860000 
0.580000 0.630000 
0.580000 0.630000 
0.580000 0.640000 
0.580000 0.630000 
0.580000 0.620000 
0.580000 0.630000 
0.580000 0.640000 
0.580000 0.630000 
0.580000 0.640000 
0.580000 0.640000 
0.580000 0.630000 
0.580000 0.640000 
0.580000 0.630000 
0.580000 0.630000 
0.580000 0.640000 
0.580000 0.630000 
0.580000 0.630000 
0.580000 0.630000 
0.580000 0.620000 
0.580000 0.630000 
0.570000 0.640000 
0.580000 0.630000 
0.580000 0.630000 
0.580000 0.630000 
0.580000 0.630000 
0.580000 0.620000 
0.580000 0.870000 
0.580000 0.640000 
0.580000 0.630000 
0.590000 0.630000 
0.580000 0.880000 
0.580000 0.630000 
0.580000 0.630000 
0.580000 0.640000 
0.580000 0.640000 
0.580000 0.640000 
0.580000 0.870000 
0.580000 0.630000 
0.580000 0.630000 
0.580000 0.640000 
0.580000 0.630000 
0.570000 0.640000 
0.580000 0.630000 
0.580000 0.640000 
0.570000 0.870000 
0.580000 0.630000 
0.580000 0.640000 
0.580000 0.630000 
0.590000 0.640000 
0.580000 0.630000 
0.580000 0.640000 
0.580000 0.640000 
0.580000 0.640000 
0.570000 0.870000 
0.590000 0.880000 
0.580000 0.640000 
0.590000 0.640000 
0.580000 0.680000 
0.580000 0.680000 
0.580000 0.640000 
0.580000 0.640000 
0.580000 0.640000 
0.580000 0.640000 
0.580000 0.640000 
0.570000 0.640000 
0.580000 0.640000 
0.580000 0.630000 
0.580000 0.640000 
0.580000 0.640000 
0.580000 0.650000 
0.570000 0.640000 
0.570000 0.640000 
0.570000 0.680000 
0.590000 0.870000 
0.590000 0.630000 
0.590000 0.640000 
0.590000 0.640000 
0.580000 0.640000 
0.580000 0.640000 

με 2 καρεκλες μπροστα τουσ
