0.670000 0.380000 
0.670000 0.390000 
0.690000 0.390000 
1.090000 0.390000 
0.680000 0.390000 
0.680000 0.380000 
1.070000 0.390000 
0.530000 0.390000 
0.530000 0.380000 
1.070000 0.380000 
0.530000 0.390000 
1.070000 0.380000 
0.530000 0.380000 
0.540000 0.380000 
1.070000 0.390000 
0.680000 0.390000 
0.540000 0.380000 
1.060000 0.390000 
0.530000 0.380000 
0.530000 0.380000 
1.080000 0.380000 
0.530000 0.380000 
0.530000 0.380000 
0.530000 0.380000 
0.530000 0.380000 
0.530000 0.380000 
0.530000 0.380000 
0.530000 0.490000 
0.670000 0.390000 
0.670000 0.380000 
0.660000 0.390000 
0.670000 0.390000 
0.530000 0.380000 
0.530000 0.380000 
0.670000 0.380000 
0.660000 0.380000 
0.530000 0.390000 
0.660000 0.390000 
0.540000 0.390000 
0.530000 0.390000 
1.090000 0.380000 
0.540000 0.390000 
0.530000 0.380000 
0.670000 0.380000 
0.540000 0.480000 
0.540000 0.380000 
0.530000 0.390000 
0.530000 0.490000 
0.540000 0.380000 
0.660000 0.380000 
0.530000 0.380000 
0.540000 0.380000 
0.540000 0.490000 
0.670000 0.380000 
0.660000 0.390000 
0.540000 0.380000 
0.540000 0.490000 
0.540000 0.390000 
0.530000 0.380000 
0.540000 0.380000 
0.530000 0.380000 
0.670000 0.380000 
0.670000 0.380000 
0.540000 0.390000 
0.670000 0.390000 
0.530000 0.390000 
0.530000 0.390000 
0.540000 0.380000 
0.660000 0.490000 
0.530000 0.390000 
0.670000 0.380000 
0.530000 0.390000 
0.670000 0.380000 
0.540000 0.380000 
0.530000 0.380000 
0.680000 0.390000 
0.670000 0.380000 
0.540000 0.390000 
0.530000 0.490000 
0.680000 0.380000 
0.680000 0.380000 
0.660000 0.380000 
0.660000 0.380000 
0.670000 0.380000 
0.540000 0.390000 
0.670000 0.380000 
0.660000 0.390000 
0.540000 0.380000 
0.670000 0.380000 
0.670000 0.390000 
0.680000 0.390000 
0.540000 0.490000 
0.530000 0.480000 
0.540000 0.480000 
0.670000 0.480000 
0.540000 0.390000 
0.540000 0.480000 
0.540000 0.490000 
0.550000 0.380000 
0.530000 0.490000 
0.670000 0.390000 
0.540000 0.390000 
0.530000 0.390000 
0.670000 0.380000 
0.540000 0.390000 
0.540000 0.380000 
0.660000 0.380000 
0.530000 0.380000 
0.540000 0.380000 
0.670000 0.380000 
0.670000 0.380000 
0.540000 0.380000 
0.530000 0.380000 
0.670000 0.390000 
0.670000 0.390000 
0.670000 0.390000 
0.540000 0.480000 
0.670000 0.380000 
0.670000 0.490000 
0.670000 0.490000 
0.540000 0.480000 
0.670000 0.380000 
0.670000 0.380000 
0.670000 0.380000 
0.680000 0.490000 
0.670000 0.480000 
0.670000 0.390000 
0.530000 0.390000 
0.680000 0.390000 
0.530000 0.380000 
0.670000 0.390000 
0.530000 0.380000 
0.540000 0.390000 
0.660000 0.390000 
0.660000 0.390000 
0.660000 0.380000 
0.670000 0.480000 
0.670000 0.390000 
0.660000 0.390000 
0.680000 0.380000 
0.530000 0.480000 
0.670000 0.390000 
0.540000 0.380000 
0.670000 0.490000 
0.540000 0.390000 
0.670000 0.380000 
0.540000 0.380000 
0.540000 0.490000 
0.660000 0.390000 
0.670000 0.380000 
0.670000 0.390000 
0.670000 0.380000 
0.530000 0.400000 
0.540000 0.380000 
0.660000 0.390000 
0.530000 0.480000 
0.650000 0.390000 
0.660000 0.390000 
0.680000 0.390000 
0.540000 0.390000 
0.670000 0.390000 
0.650000 0.390000 
0.540000 0.390000 
0.540000 0.480000 
0.530000 0.380000 
0.520000 0.490000 
0.660000 0.380000 
0.670000 0.380000 
0.540000 0.480000 
0.530000 0.380000 
0.530000 0.380000 
0.530000 0.390000 
0.530000 0.480000 
0.670000 0.380000 
0.670000 0.390000 
0.660000 0.390000 
0.540000 0.380000 
0.670000 0.380000 
0.670000 0.380000 
0.540000 0.380000 
0.530000 0.480000 
0.530000 0.380000 
0.670000 0.380000 
0.670000 0.390000 

se periorismeno xwro στους εκτυπωτες.
