0.620000 0.480000 
0.620000 0.480000 
0.620000 0.490000 
0.620000 0.480000 
0.630000 0.480000 
0.630000 0.490000 
0.630000 0.480000 
0.620000 0.490000 
0.620000 0.480000 
0.630000 0.480000 
0.620000 0.490000 
0.620000 0.480000 
0.630000 0.490000 
0.620000 0.490000 
0.630000 0.490000 
0.620000 0.490000 
0.550000 0.480000 
0.620000 0.480000 
0.630000 0.480000 
0.630000 0.480000 
0.630000 0.480000 
0.620000 0.490000 
0.630000 0.480000 
0.620000 0.480000 
0.620000 0.480000 
0.620000 0.480000 
0.620000 0.480000 
0.620000 0.490000 
0.620000 0.480000 
0.540000 0.480000 
0.630000 0.480000 
0.620000 0.480000 
0.620000 0.480000 
0.620000 0.480000 
0.620000 0.490000 
0.620000 0.490000 
0.620000 0.480000 
0.620000 0.490000 
0.620000 0.480000 
0.630000 0.480000 
0.620000 0.490000 
0.620000 0.480000 
0.630000 0.480000 
0.620000 0.490000 
0.550000 0.570000 
0.620000 0.490000 
0.630000 0.480000 
0.620000 0.490000 
0.620000 0.490000 
0.630000 0.480000 
0.550000 0.480000 
0.620000 0.490000 
0.630000 0.490000 
0.620000 0.480000 
0.630000 0.480000 
0.620000 0.480000 
0.630000 0.490000 
0.550000 0.480000 
0.630000 0.480000 
0.620000 0.480000 
0.620000 0.490000 
0.620000 0.480000 
0.630000 0.480000 
0.620000 0.480000 
0.630000 0.490000 
0.630000 0.480000 
0.620000 0.490000 
0.540000 0.490000 
0.630000 0.490000 
0.630000 0.490000 
0.620000 0.490000 
0.620000 0.490000 
0.620000 0.480000 
0.620000 0.480000 
0.550000 0.480000 
0.620000 0.480000 
0.620000 0.490000 
0.620000 0.480000 
0.630000 0.480000 
0.630000 0.490000 
0.550000 0.480000 
0.630000 0.480000 
0.540000 0.480000 
0.630000 0.480000 
0.620000 0.480000 
0.620000 0.490000 
0.620000 0.480000 
0.630000 0.480000 
0.620000 0.480000 
0.550000 0.470000 
0.630000 0.480000 
0.620000 0.490000 
0.620000 0.480000 
0.620000 0.480000 
0.620000 0.480000 
0.620000 0.480000 
0.620000 0.480000 
0.630000 0.480000 
0.620000 0.480000 
0.620000 0.480000 
0.630000 0.480000 
0.620000 0.480000 
0.620000 0.490000 
0.620000 0.480000 
0.630000 0.480000 
0.620000 0.490000 
0.620000 0.490000 
0.630000 0.480000 
0.620000 0.490000 
0.630000 0.480000 
0.620000 0.480000 
0.620000 0.480000 
0.630000 0.480000 
0.630000 0.490000 
0.630000 0.480000 
0.620000 0.480000 
0.620000 0.480000 
0.620000 0.480000 
0.620000 0.480000 
0.620000 0.480000 
0.620000 0.480000 
0.620000 0.480000 
0.620000 0.480000 
0.630000 0.480000 
0.620000 0.480000 
0.620000 0.480000 
0.620000 0.490000 
0.620000 0.490000 
0.630000 0.480000 
0.630000 0.480000 
0.630000 0.480000 
0.620000 0.490000 
0.630000 0.480000 
0.620000 0.480000 
0.620000 0.480000 
0.630000 0.480000 
0.620000 0.480000 
0.630000 0.490000 
0.620000 0.480000 
0.620000 0.480000 
0.620000 0.480000 
0.620000 0.480000 
0.630000 0.480000 
0.550000 0.490000 
0.630000 0.480000 
0.620000 0.480000 
0.620000 0.480000 
0.620000 0.480000 
0.620000 0.480000 
0.620000 0.490000 
0.620000 0.480000 
0.620000 0.490000 
0.620000 0.490000 
0.620000 0.490000 
0.620000 0.490000 
0.630000 0.490000 
0.620000 0.480000 
0.620000 0.480000 
0.620000 0.490000 
0.620000 0.490000 
0.620000 0.490000 
0.630000 0.490000 
0.620000 0.480000 
0.620000 0.480000 
0.620000 0.480000 
0.630000 0.480000 
0.620000 0.490000 
0.620000 0.490000 
0.630000 0.480000 
0.620000 0.480000 
0.630000 0.480000 
0.620000 0.490000 
0.620000 0.490000 
0.630000 0.490000 
0.620000 0.480000 
0.620000 0.480000 
0.620000 0.480000 
0.630000 0.480000 
0.620000 0.480000 
0.630000 0.480000 
0.620000 0.480000 
0.620000 0.490000 
0.620000 0.480000 
0.630000 0.480000 
0.630000 0.480000 
0.620000 0.480000 
0.620000 0.480000 
0.630000 0.490000 
0.630000 0.490000 
0.550000 0.490000 
0.620000 0.480000 
0.620000 0.480000 
0.620000 0.480000 
0.630000 0.480000 
0.620000 0.490000 
0.620000 0.480000 
0.630000 0.480000 
0.620000 0.490000 
0.620000 0.480000 
0.620000 0.480000 
0.620000 0.490000 
0.620000 0.480000 
0.550000 0.480000 
0.620000 0.480000 
0.630000 0.480000 
0.630000 0.490000 
0.620000 0.490000 
0.620000 0.480000 
0.550000 0.490000 
0.550000 0.490000 
0.620000 0.480000 
0.540000 0.490000 
0.620000 0.480000 
0.620000 0.480000 
0.620000 0.490000 
0.540000 0.490000 
0.550000 0.480000 
0.540000 0.480000 
0.560000 0.480000 
0.620000 0.490000 
0.620000 0.490000 
0.620000 0.490000 
0.620000 0.490000 
0.620000 0.480000 
0.620000 0.480000 
0.630000 0.480000 
0.620000 0.490000 
0.630000 0.480000 
0.550000 0.490000 
0.620000 0.480000 
0.620000 0.480000 
0.630000 0.480000 
0.630000 0.480000 
0.620000 0.480000 
0.620000 0.480000 
0.620000 0.490000 
0.620000 0.480000 
0.620000 0.480000 
0.630000 0.480000 
0.620000 0.480000 
0.620000 0.490000 
0.620000 0.480000 
0.550000 0.480000 
0.630000 0.490000 
0.550000 0.480000 
0.620000 0.480000 
0.550000 0.490000 
0.630000 0.490000 
0.620000 0.480000 
0.620000 0.480000 
0.630000 0.490000 
0.630000 0.480000 
0.620000 0.480000 
0.620000 0.480000 
0.540000 0.480000 
0.630000 0.490000 
0.560000 0.480000 
0.550000 0.480000 
0.620000 0.480000 
0.630000 0.480000 
0.560000 0.480000 
0.630000 0.480000 
0.620000 0.480000 
0.630000 0.480000 
0.620000 0.480000 
0.620000 0.480000 
0.630000 0.480000 
0.620000 0.480000 
0.540000 0.480000 
0.620000 0.490000 
0.620000 0.480000 
0.620000 0.490000 
0.620000 0.480000 
0.620000 0.480000 
0.620000 0.480000 
0.630000 0.580000 
0.620000 0.490000 
0.550000 0.490000 
0.620000 0.490000 
0.620000 0.490000 
0.620000 0.580000 
0.550000 0.580000 
0.550000 0.480000 
0.620000 0.480000 
0.550000 0.480000 
0.550000 0.480000 
0.620000 0.490000 
0.550000 0.490000 
0.620000 0.480000 
0.620000 0.480000 
0.630000 0.490000 
0.620000 0.480000 
0.620000 0.480000 
0.620000 0.490000 
0.550000 0.480000 
0.630000 0.480000 
0.620000 0.480000 
0.630000 0.490000 
0.630000 0.480000 
0.630000 0.490000 
0.620000 0.480000 
0.630000 0.480000 
0.630000 0.490000 
0.630000 0.490000 
0.630000 0.480000 
0.620000 0.490000 
0.630000 0.480000 
0.620000 0.490000 
0.620000 0.480000 
0.630000 0.490000 
0.620000 0.480000 
0.620000 0.490000 
0.620000 0.490000 
0.630000 0.490000 
0.620000 0.480000 
0.620000 0.480000 
0.620000 0.490000 
0.620000 0.480000 
0.620000 0.480000 
0.630000 0.480000 
0.540000 0.480000 
0.630000 0.480000 
0.550000 0.490000 
0.620000 0.480000 
0.630000 0.490000 
0.630000 0.480000 
0.620000 0.490000 
0.620000 0.480000 
0.630000 0.490000 
0.630000 0.480000 
0.620000 0.480000 
0.550000 0.480000 
0.620000 0.480000 
0.550000 0.480000 
0.550000 0.480000 
0.620000 0.480000 
0.620000 0.480000 
0.550000 0.480000 
0.620000 0.480000 
0.550000 0.480000 
0.540000 0.480000 
0.630000 0.490000 
0.620000 0.490000 
0.630000 0.480000 
0.620000 0.480000 
0.550000 0.490000 
0.620000 0.480000 
0.630000 0.480000 
0.550000 0.480000 
0.540000 0.480000 
0.620000 0.480000 
0.620000 0.480000 
0.620000 0.480000 
0.620000 0.480000 
0.620000 0.480000 
0.630000 0.490000 
0.620000 0.480000 
0.620000 0.480000 
0.550000 0.480000 
0.620000 0.480000 
0.620000 0.480000 
0.620000 0.480000 
0.620000 0.480000 
0.620000 0.490000 
0.620000 0.480000 
0.560000 0.480000 
0.550000 0.480000 
0.620000 0.480000 
0.550000 0.480000 
0.620000 0.480000 
0.620000 0.480000 

μπροστα σε καρεκλα σε σχετικα ανοιχτο χωρο
