1.150000 0.580000 
0.990000 0.630000 
1.000000 0.580000 
0.910000 0.580000 
0.980000 0.580000 
1.000000 0.590000 
0.900000 0.620000 
0.900000 0.580000 
0.920000 0.590000 
0.990000 0.590000 
0.820000 0.590000 
1.140000 0.630000 
1.140000 0.630000 
1.150000 0.600000 
0.960000 0.600000 
1.040000 0.620000 
1.150000 0.590000 
0.980000 0.590000 
1.050000 0.630000 
1.150000 0.580000 
0.990000 0.580000 
1.140000 0.590000 
1.140000 0.610000 
0.910000 0.630000 
1.140000 0.590000 
1.140000 0.600000 
1.140000 0.590000 
1.140000 0.580000 
1.140000 0.580000 
0.890000 0.580000 
1.140000 0.580000 
0.980000 0.580000 
1.130000 0.590000 
1.140000 0.610000 
1.140000 0.590000 
0.900000 0.580000 
0.900000 0.610000 
1.140000 0.590000 
1.140000 0.580000 
0.980000 0.590000 
0.990000 0.610000 
1.140000 0.600000 
0.980000 0.620000 
1.140000 0.620000 
1.140000 0.620000 
0.900000 0.630000 
0.950000 0.600000 
0.890000 0.600000 
0.880000 0.600000 
1.150000 0.610000 
0.950000 0.630000 
1.140000 0.620000 
0.980000 0.650000 
0.900000 0.630000 
1.150000 0.630000 
0.890000 0.640000 
1.140000 0.590000 
0.980000 0.630000 
0.890000 0.620000 
1.150000 0.600000 
0.980000 0.620000 
0.950000 0.590000 
0.940000 0.630000 
0.890000 0.620000 
1.140000 0.610000 
1.140000 0.630000 
0.820000 0.570000 
0.960000 0.600000 
0.900000 0.620000 
0.890000 0.590000 
1.140000 0.590000 
0.830000 0.620000 
0.900000 0.640000 
0.940000 0.660000 
0.900000 0.630000 
0.900000 0.650000 
1.140000 0.600000 
1.130000 0.600000 
0.990000 0.630000 
0.980000 0.590000 
1.140000 0.590000 
0.900000 0.600000 
0.890000 0.580000 
0.990000 0.580000 
0.990000 0.580000 
0.890000 0.630000 
1.130000 0.570000 
0.830000 0.590000 
0.890000 0.580000 
0.890000 0.640000 
0.890000 0.630000 
0.890000 0.630000 
0.890000 0.600000 
1.140000 0.580000 
1.130000 0.610000 
0.900000 0.590000 
1.140000 0.590000 
1.140000 0.590000 
1.130000 0.580000 
1.140000 0.590000 
0.820000 0.590000 
0.900000 0.630000 
1.140000 0.610000 
0.900000 0.620000 
1.140000 0.600000 
0.900000 0.620000 
1.130000 0.600000 
1.140000 0.620000 
0.900000 0.620000 
1.130000 0.600000 
0.880000 0.620000 
0.890000 0.620000 
1.130000 0.630000 
0.990000 0.620000 
0.890000 0.610000 
0.990000 0.600000 
0.890000 0.600000 
0.890000 0.590000 
0.890000 0.590000 
0.890000 0.590000 
0.900000 0.610000 
0.890000 0.610000 
0.880000 0.590000 
0.890000 0.580000 
0.890000 0.630000 
0.900000 0.600000 
0.990000 0.610000 
0.990000 0.610000 
0.990000 0.610000 
0.980000 0.610000 
1.130000 0.580000 
0.980000 0.590000 
0.990000 0.620000 
0.980000 0.620000 
0.890000 0.590000 
0.990000 0.590000 
0.890000 0.580000 
0.990000 0.580000 
0.890000 0.630000 
1.140000 0.620000 
0.990000 0.630000 
0.880000 0.620000 
0.880000 0.790000 
0.990000 0.610000 
0.890000 0.610000 
0.890000 0.590000 
0.890000 0.790000 
1.130000 0.620000 
1.130000 0.620000 
0.920000 0.590000 
1.130000 0.590000 
1.130000 0.600000 
1.130000 0.590000 
0.900000 0.590000 
0.900000 0.590000 
1.130000 0.630000 
0.990000 0.590000 
1.140000 0.580000 
0.900000 0.620000 
1.140000 0.590000 
0.900000 0.620000 
1.000000 0.620000 
1.130000 0.600000 
0.890000 0.600000 
0.890000 0.630000 
0.880000 0.580000 
1.140000 0.590000 
0.820000 0.590000 
0.990000 0.610000 
0.890000 0.620000 
1.140000 0.620000 
1.140000 0.620000 
0.900000 0.630000 
1.000000 0.580000 
1.140000 0.580000 
1.140000 0.590000 
1.030000 0.610000 
1.020000 0.600000 
0.990000 0.590000 
0.890000 0.610000 
1.140000 0.610000 
0.920000 0.580000 
1.020000 0.580000 
0.940000 0.580000 
0.930000 0.580000 
0.900000 0.780000 
0.910000 0.650000 
1.140000 0.600000 
1.140000 0.600000 
0.920000 0.580000 
0.930000 0.590000 
1.050000 0.600000 
1.050000 0.590000 
1.150000 0.580000 
1.140000 0.580000 
1.000000 0.580000 
1.140000 0.580000 
1.010000 0.580000 
1.140000 0.590000 
1.140000 0.590000 
1.140000 0.590000 
1.000000 0.590000 
1.000000 0.590000 
0.990000 0.590000 
1.130000 0.590000 
0.910000 0.590000 
1.140000 0.590000 
1.050000 0.590000 
0.910000 0.590000 
0.900000 0.580000 
1.140000 0.590000 
1.140000 0.580000 
1.140000 0.630000 
0.900000 0.590000 
1.030000 0.580000 
1.140000 0.580000 
1.040000 0.590000 
1.150000 0.580000 
0.980000 0.590000 
1.040000 0.590000 
0.980000 0.590000 
1.000000 0.590000 
1.000000 0.590000 
0.920000 0.580000 
1.140000 0.590000 
1.000000 0.590000 
1.140000 0.610000 
0.990000 0.590000 
0.990000 0.610000 
1.140000 0.590000 
0.990000 0.780000 
1.140000 0.600000 
1.010000 0.590000 
1.130000 0.600000 
1.000000 0.600000 
1.140000 0.590000 
1.140000 0.600000 
1.140000 0.610000 
1.150000 0.590000 
1.150000 0.600000 
1.150000 0.590000 
1.140000 0.590000 
1.140000 0.590000 
1.140000 0.590000 
1.140000 0.590000 
1.140000 0.590000 
1.150000 0.580000 
1.150000 0.600000 
1.150000 0.600000 
0.940000 0.610000 
1.140000 0.600000 
1.140000 0.590000 
1.140000 0.590000 
0.960000 0.600000 
0.940000 0.600000 
1.010000 0.580000 
1.130000 0.580000 
1.130000 0.580000 
0.910000 0.580000 
1.140000 0.590000 
0.990000 0.640000 
0.930000 0.630000 
0.980000 0.610000 
0.940000 0.780000 
0.940000 0.590000 
0.820000 0.610000 
0.820000 0.590000 
0.920000 0.630000 
0.910000 0.780000 
0.930000 0.790000 
1.130000 0.610000 
1.140000 0.590000 
1.150000 0.590000 
0.900000 0.610000 
1.140000 0.590000 
0.900000 0.630000 
1.140000 0.580000 
1.140000 0.580000 
1.140000 0.590000 
1.000000 0.580000 
1.140000 0.600000 
1.140000 0.600000 
1.140000 0.600000 
1.140000 0.620000 
1.140000 0.620000 
1.150000 0.610000 
0.900000 0.630000 
1.140000 0.600000 
1.140000 0.590000 
1.140000 0.600000 
1.130000 0.600000 
1.140000 0.590000 
1.140000 0.630000 
1.130000 0.590000 
1.130000 0.600000 
1.140000 0.580000 
0.890000 0.590000 
0.900000 0.790000 
1.130000 0.580000 
1.130000 0.580000 
1.130000 0.580000 
1.140000 0.580000 
1.130000 0.590000 
1.140000 0.590000 
1.140000 0.590000 
0.900000 0.600000 
1.140000 0.600000 
1.140000 0.580000 
1.130000 0.590000 
1.140000 0.610000 
1.130000 0.590000 
1.140000 0.590000 
0.880000 0.590000 
1.130000 0.580000 
1.140000 0.590000 
0.890000 0.580000 
0.890000 0.590000 
1.140000 0.580000 
1.140000 0.580000 
0.890000 0.600000 
0.890000 0.580000 
0.890000 0.580000 
0.900000 0.590000 
0.890000 0.590000 

2 καρέκλες (μπροστά και δεξιά)
