0.630000 0.410000 
0.630000 0.810000 
0.640000 0.410000 
0.620000 0.820000 
0.630000 0.410000 
0.620000 0.810000 
0.620000 0.820000 
0.620000 0.820000 
0.630000 0.810000 
0.630000 0.820000 
0.620000 0.410000 
0.630000 0.820000 
0.620000 0.810000 
0.620000 0.820000 
0.630000 0.820000 
0.860000 0.820000 
0.630000 0.410000 
0.640000 0.810000 
0.630000 0.810000 
0.620000 0.410000 
0.630000 0.810000 
0.620000 0.810000 
0.640000 0.810000 
0.860000 0.820000 
0.860000 0.810000 
0.630000 0.820000 
0.630000 0.820000 
0.620000 0.820000 
0.620000 0.810000 
0.630000 0.810000 
0.620000 0.810000 
0.630000 0.820000 
0.630000 0.810000 
0.630000 0.820000 
0.630000 0.820000 
0.630000 0.810000 
0.630000 0.820000 
0.860000 0.820000 
0.640000 0.810000 
0.620000 0.820000 
0.630000 0.810000 
0.630000 0.810000 
0.630000 0.810000 
0.630000 0.420000 
0.630000 0.810000 
0.640000 0.820000 
0.640000 0.810000 
0.630000 0.820000 
0.640000 0.820000 
0.630000 0.810000 
0.850000 0.820000 
0.630000 0.810000 
0.630000 0.820000 
0.630000 0.820000 
0.650000 0.810000 
0.630000 0.810000 
0.620000 0.820000 
0.630000 0.820000 
0.630000 0.810000 
0.620000 0.810000 
0.630000 0.820000 
0.620000 0.810000 
0.620000 0.810000 
0.630000 0.820000 
0.620000 0.810000 
0.620000 0.820000 
0.620000 0.820000 
0.640000 0.820000 
0.630000 0.810000 
0.620000 0.810000 
0.630000 0.820000 
0.620000 0.810000 
0.650000 0.810000 
0.640000 0.810000 
0.630000 0.820000 
0.630000 0.820000 
0.860000 0.810000 
0.860000 0.820000 
0.860000 0.820000 
0.630000 0.820000 
0.620000 0.810000 
0.620000 0.820000 
0.630000 0.810000 
0.860000 0.820000 
0.630000 0.810000 
0.630000 0.810000 
0.630000 0.810000 
0.630000 0.820000 
0.640000 0.810000 
0.860000 0.810000 
0.620000 0.810000 
0.650000 0.810000 
0.620000 0.810000 
0.630000 0.820000 
0.640000 0.820000 
0.640000 0.810000 
0.640000 0.810000 
0.630000 0.810000 
0.860000 0.810000 
0.630000 0.810000 
0.620000 0.810000 
0.630000 0.810000 
0.640000 0.810000 
0.630000 0.810000 
0.640000 0.820000 
0.640000 0.820000 
0.630000 0.810000 
0.620000 0.810000 
0.660000 0.810000 
0.630000 0.810000 
0.630000 0.810000 
0.860000 0.810000 
0.850000 0.820000 
0.640000 0.820000 
0.630000 0.820000 
0.630000 0.820000 
0.630000 0.810000 
0.640000 0.820000 
0.660000 0.740000 
0.630000 0.810000 
0.640000 0.820000 
0.620000 0.410000 
0.630000 0.810000 
0.850000 0.810000 
0.650000 0.820000 
0.860000 0.820000 
0.850000 0.810000 
0.660000 0.810000 
0.630000 0.810000 
0.620000 0.810000 
0.860000 0.810000 
0.630000 0.820000 
0.640000 0.820000 
0.860000 0.820000 
0.620000 0.820000 
0.640000 0.810000 
0.620000 0.810000 
0.620000 0.820000 
0.850000 0.810000 
0.630000 0.820000 
0.860000 0.810000 
0.640000 0.820000 
0.640000 0.810000 
0.630000 0.820000 
0.630000 0.810000 
0.630000 0.810000 
0.630000 0.810000 
0.640000 0.820000 
0.630000 0.810000 
0.640000 0.810000 
0.860000 0.810000 
0.630000 0.820000 
0.650000 0.810000 
0.860000 0.810000 
0.640000 0.810000 
0.630000 0.810000 
0.860000 0.810000 
0.860000 0.820000 
0.870000 0.820000 
0.860000 0.810000 
0.860000 0.820000 
0.850000 0.810000 
0.630000 0.810000 
0.860000 0.820000 
0.850000 0.820000 
0.850000 0.810000 
0.860000 0.810000 
0.860000 0.820000 
0.860000 0.820000 
0.630000 0.810000 
0.630000 0.810000 
0.860000 0.820000 
0.630000 0.820000 
0.630000 0.820000 
0.860000 0.810000 
0.640000 0.810000 
0.650000 0.820000 
0.860000 0.810000 
0.620000 0.810000 
0.630000 0.810000 
0.640000 0.810000 
0.630000 0.820000 
0.860000 0.820000 
0.630000 0.820000 
0.630000 0.820000 
0.630000 0.810000 
0.860000 0.810000 
0.860000 0.810000 
0.630000 0.810000 
0.620000 0.810000 
0.620000 0.820000 
0.630000 0.820000 
0.630000 0.820000 
0.860000 0.810000 
0.640000 0.810000 
0.630000 0.820000 
0.860000 0.810000 
0.860000 0.810000 
0.630000 0.810000 
0.630000 0.820000 
0.630000 0.820000 
0.630000 0.810000 
0.630000 0.820000 
0.630000 0.820000 
0.650000 0.810000 
0.630000 0.820000 
0.630000 0.810000 
0.620000 0.810000 
0.650000 0.810000 
0.640000 0.810000 
0.630000 0.810000 
0.630000 0.820000 
0.630000 0.820000 
0.630000 0.810000 
0.630000 0.810000 
0.620000 0.820000 
0.640000 0.810000 
0.620000 0.820000 
0.620000 0.820000 
0.860000 0.820000 
0.860000 0.810000 
0.870000 0.810000 
0.860000 0.820000 
0.640000 0.820000 
0.860000 0.810000 
0.620000 0.810000 
0.620000 0.810000 
0.630000 0.810000 
0.620000 0.810000 
0.860000 0.820000 
0.630000 0.810000 
0.620000 0.820000 
0.620000 0.820000 
0.630000 0.810000 
0.620000 0.810000 
0.630000 0.810000 
0.860000 0.820000 
0.620000 0.810000 
0.640000 0.810000 
0.860000 0.810000 
0.860000 0.810000 
0.640000 0.820000 
0.630000 0.820000 
0.860000 0.810000 
0.640000 0.810000 
0.630000 0.820000 
0.630000 0.820000 
0.640000 0.810000 
0.630000 0.820000 
0.640000 0.820000 
0.630000 0.820000 
0.630000 0.810000 
0.630000 0.810000 
0.620000 0.810000 
0.620000 0.820000 
0.620000 0.810000 
0.850000 0.820000 
0.630000 0.820000 
0.630000 0.820000 
0.620000 0.810000 
0.630000 0.810000 
0.620000 0.810000 
0.620000 0.810000 
0.620000 0.820000 
0.610000 0.810000 
0.630000 0.810000 
0.630000 0.810000 
0.640000 0.820000 
0.620000 0.810000 
0.630000 0.820000 
0.620000 0.810000 
0.620000 0.810000 
0.620000 0.810000 
0.610000 0.810000 
0.630000 0.820000 
0.650000 0.820000 
0.630000 0.810000 
0.640000 0.820000 
0.860000 0.810000 
0.850000 0.810000 
0.630000 0.810000 
0.620000 0.400000 
0.860000 0.820000 
0.850000 0.820000 
0.850000 0.810000 
0.630000 0.820000 

με καρέκλα σε πιο ανοιχτό χώρο από το 3
