1489280345,655943240	26,4078	17,6647	12,7396	83
1489280345,904466208	26,5304	7,7666	12,7396	83
1489280346,664738407	26,6627	2,30775	12,7396	83
1489280347,672005852	26,6014	5,54925	12,7396	83
1489280348,673640594	26,448	6,19593	12,7396	83
1489280349,677239487	26,384	2,96958	12,7396	83
1489280350,679006612	26,4747	4,57597	12,7396	83
1489280351,673082477	26,1475	5,46382	12,7396	83
1489280352,673686017	26,0512	5,68611	12,7396	83
1489280353,678150086	25,8277	6,57219	12,7396	83
1489280354,675200548	25,6841	4,70142	12,7396	83
1489280355,680878043	25,7959	4,60574	12,7396	83
1489280356,680477430	25,4569	8,32629	12,7396	83
1489280357,681710225	25,2039	8,45138	12,7396	83
1489280358,686388268	25,0538	4,12775	12,7396	83
1489280359,672781270	25,4076	5,13159	12,7396	83
1489280360,672219144	25,7567	6,5232	12,7396	83
1489280361,670510745	25,8167	3,16005	12,7396	83
1489280362,663158894	26,3144	9,99038	12,7396	83
1489280363,669454070	26,9655	6,85302	12,7396	83
1489280364,665239236	27,42	7,12907	12,7396	83
1489280365,668762715	27,4675	7,756	12,7396	83
1489280366,658277664	27,5991	9,08222	12,7396	83
1489280367,664090241	27,4494	7,0987	12,7396	83
1489280368,653437609	26,6239	3,29838	12,7396	83
1489280369,653048594	25,9367	9,2649	12,7396	83
1489280370,651000506	25,3019	7,42777	12,7396	83
1489280371,646240773	24,9462	3,40732	12,7396	83
1489280372,641046677	25,3167	8,11947	12,7396	83
1489280373,635106923	26,6451	11,743	12,7396	83
1489280374,634144968	27,093	6,60933	12,7396	83
1489280375,639718652	26,9392	4,50631	12,7396	83
1489280376,643434321	26,5775	9,19099	12,7396	83
1489280377,637706056	26,3396	11,0083	12,7396	83
1489280378,637916350	26,7116	11,4759	12,7396	83
1489280379,644075658	27,5471	8,06601	12,7396	83
1489280380,642030052	28,3399	9,70583	12,7396	83
1489280381,652614537	29,6829	12,4479	12,7396	83
1489280382,644527053	30,484	9,09706	12,7396	83
1489280383,642143828	31,6455	10,1061	12,7396	83
1489280384,638536464	33,2255	10,2386	12,7396	83
1489280385,642467206	35,4852	0,399896	12,7396	83
1489280386,638182624	37,2414	6,53391	12,7396	83
1489280387,635649792	36,9073	11,1499	12,7396	83
1489280388,641388865	35,8873	11,5193	12,7396	83
1489280389,642709439	34,3715	0,456174	12,7396	83
1489280390,645310504	32,9478	0,437907	12,7396	83
1489280391,652432767	31,266	3,2196	12,7396	83
1489280392,656157139	30,4238	0,367237	12,7396	83
1489280393,662934921	30,7686	13,0972	12,7396	83
1489280394,659630729	31,8236	5,88384	12,7396	83
1489280395,663139045	33,0614	0,298821	12,7396	83
1489280396,658389416	27,2058	0,349107	12,7396	83
1489280397,666618850	20,2916	0,23339	12,7396	83
1489280398,674815324	13,627	14,838	12,7396	83
1489280399,679276763	8,70503	0,276735	12,7396	83
1489280400,684385981	5,06166	6,25436	12,7396	83
1489280401,686567569	2,71915	0,366425	12,7396	83
1489280402,684695991	1,75974	0,167726	12,7396	83
1489280403,681200832	1,30969	0,514863	12,7396	83
1489280404,680694434	0,967951	0,413979	12,7396	83
1489280405,672456141	0,747707	0,477264	12,7396	83
1489280406,671312252	0,532102	0,498294	12,7396	83
1489280407,666268762	0,322697	0,445413	12,7396	83
1489280408,674342125	0,277117	0,172327	12,7396	83
1489280409,678535624	0,109878	0,479968	12,7396	83
1489280410,673299147	0,061439	0,252153	12,7396	83
1489280411,669617214	0,0459136	0,706686	12,7396	83
1489280412,665329709	0,0351949	0,236491	12,7396	83
1489280413,656743245	0,029066	0,377832	12,7396	83
1489280414,649259185	0,0252819	0,494491	12,7396	83
1489280415,659564770	0,0237077	0,289488	12,7396	83
1489280416,665798539	0,021656	0,246354	12,7396	83
1489280417,650198323	0,0197621	0,395166	12,7396	83
1489280418,648940120	0,0178144	0,263882	12,7396	83
1489280419,651283511	0,017507	0,206065	12,7396	83
1489280420,661663689	0,0174224	1,01899	12,7396	83
1489280421,649810973	0,0177571	0,269813	12,7396	83
1489280422,645846908	0,0190756	0,748235	12,7396	83
1489280423,643178326	0,0201239	0,69555	12,7396	83
1489280424,639306558	0,0213507	0,381646	12,7396	83
1489280425,636121984	0,0227144	0,39367	12,7396	83
1489280426,634181799	0,0221613	0,446117	12,7396	83
1489280427,630260588	0,0202699	0,416403	12,7396	83

Πιο γρήγορη σύκλιση από το 5, πιο αργή από 1,3
average: 0,15

strictness: 1
 
particles_number: 10000
 
a1: 0,07
 
a2: 0,02
 
duration: 1
