1489594299,334134300	25,9643	14,8491	2,4216	78
1489594299,440784935	25,3071	10,9427	2,4216	78
1489594300,321002650	27,2445	5,42654	2,4216	78
1489594301,321133443	27,3613	3,00773	2,4216	78
1489594302,329035137	27,8207	3,73427	2,4216	78
1489594303,324951997	27,4008	7,88878	2,4216	78
1489594304,327326434	26,9679	5,46491	2,4216	78
1489594305,329855431	27,2387	9,269	2,4216	78
1489594306,330734729	24,0643	8,82835	2,4216	78
1489594307,323668588	23,08	5,38599	2,4216	78
1489594308,322480776	21,8241	3,77535	2,4216	78
1489594309,322332432	22,411	5,63415	2,4216	78
1489594310,322062112	21,6026	8,94182	2,4216	78
1489594311,319241030	19,054	4,39124	2,4216	78
1489594312,324158224	19,0515	8,96131	2,4216	78
1489594313,321006510	20,6545	6,06508	2,4216	78
1489594314,316756500	21,5519	2,95209	2,4216	78
1489594315,315978735	26,1399	8,20533	2,4216	78
1489594316,315870053	25,6626	2,91514	2,4216	78
1489594317,315956848	27,7271	7,93799	2,4216	78
1489594318,315837483	27,7725	5,63127	2,4216	78
1489594319,321871470	2,3913	4,32643	2,4216	78
1489594320,320301444	0,840707	5,52565	2,4216	78
1489594321,323140533	0,663408	5,41238	2,4216	78
1489594322,317136878	0,383741	5,34949	2,4216	78
1489594323,315031456	0,0137938	5,40162	2,4216	78
1489594324,314402128	0,00548111	5,31217	2,4216	78
1489594325,313838086	0,00521285	5,29001	2,4216	78
1489594326,313377292	0,00565267	5,33343	2,4216	78
1489594327,312114325	0,00517601	5,3186	2,4216	78
1489594328,311328148	0,00434137	5,32062	2,4216	78
1489594329,310600657	0,0036425	5,3399	2,4216	78
1489594330,309633715	0,00176808	5,5103	2,4216	78
1489594332,322984680	23,2059	3,26244	2,4216	78
1489594333,322967112	23,2024	10,2805	2,4216	78
1489594334,322645926	22,5877	6,32922	2,4216	78
1489594335,325803618	22,6042	5,35701	2,4216	78
1489594336,323025565	20,4095	8,13279	2,4216	78
1489594337,327485196	18,3991	8,56235	2,4216	78
1489594338,323588879	17,3286	9,94534	2,4216	78
1489594339,329284400	15,2835	10,4684	2,4216	78
1489594340,326816459	15,8808	0,175308	2,4216	78
1489594341,321352095	15,3618	3,62656	2,4216	78
1489594342,323225951	15,2359	2,55266	2,4216	78
1489594343,328168325	13,9584	11,4762	2,4216	78
1489594344,322566008	13,4325	5,08148	2,4216	78
1489594345,328276958	10,7262	0,69536	2,4216	78
1489594346,330703116	9,02758	0,755666	2,4216	78
1489594347,323643330	8,49746	0,745744	2,4216	78
1489594348,325986357	7,62095	0,632615	2,4216	78
1489594349,325929006	6,77551	0,673437	2,4216	78
1489594350,324986683	6,32067	0,758177	2,4216	78
1489594351,325776741	5,96184	0,622887	2,4216	78
1489594352,323520471	5,86262	0,571195	2,4216	78
1489594353,320970243	5,37185	0,658531	2,4216	78
1489594354,321888141	4,99435	10,5695	2,4216	78
1489594355,325032268	3,96738	0,733818	2,4216	78
1489594356,327878435	3,04066	0,569612	2,4216	78
1489594357,321889840	2,01744	0,572599	2,4216	78
1489594358,326971418	1,68463	0,609124	2,4216	78
1489594359,323758633	1,4023	0,608086	2,4216	78
1489594360,324278532	1,57535	0,588309	2,4216	78
1489594361,325220688	1,00957	0,462266	2,4216	78
1489594362,324599873	0,724906	0,539551	2,4216	78
1489594363,324334586	0,551575	0,557567	2,4216	78
1489594364,323527823	0,190069	0,583198	2,4216	78
1489594365,324771069	0,2512	0,741869	2,4216	78
1489594366,323484373	0,19064	0,645467	2,4216	78
1489594367,323093788	0,0695591	0,641344	2,4216	78
1489594368,323970179	0,010069	0,703603	2,4216	78
1489594369,323851091	0,0104563	0,758488	2,4216	78
1489594370,322945425	0,0113131	0,797112	2,4216	78
1489594371,325961474	0,0114581	0,532216	2,4216	78
1489594372,326948778	0,012269	0,898681	2,4216	78
1489594373,320343429	0,0125601	0,89205	2,4216	78
1489594374,319557484	0,0129405	0,728902	2,4216	78
1489594375,320673763	0,0129154	0,868385	2,4216	78


Σε σχέση με το αντίστοιχο πείραμα χωρίς QRs (δε σύγκλινε καν) υπάρχει 
βελτίωση, βρίσκει τη θέση (έστω και με μία μικρή απόκλιση) με τη δεύτερη
προσπάθεια (4 QRs)

strictness: 1
 
particles_number: 1000
 
a1: 0,07
 
a2: 0,02
 
duration: 1
