1489277556,625277172	26,1273	21,0335	13,1647	78
1489277556,853022622	25,884	4,66109	13,1647	78
1489277557,631531460	25,5508	4,40244	13,1647	78
1489277558,637895506	25,2313	7,45217	13,1647	78
1489277559,651920758	25,2711	6,63368	13,1647	78
1489277560,647929031	25,2092	4,37463	13,1647	78
1489277561,645681126	25,1034	4,34697	13,1647	78
1489277562,662946507	25,1085	6,12443	13,1647	78
1489277563,641489532	25,3899	3,05728	13,1647	78
1489277564,641095472	25,4708	7,60772	13,1647	78
1489277565,643588661	25,9375	5,13443	13,1647	78
1489277566,640544085	26,3081	6,48374	13,1647	78
1489277567,633274212	26,9029	5,69997	13,1647	78
1489277568,624505667	27,0632	4,71395	13,1647	78
1489277569,623260714	27,0599	5,98497	13,1647	78
1489277570,633421681	27,2713	6,83962	13,1647	78
1489277571,640850712	27,9124	9,74462	13,1647	78
1489277572,634542314	28,612	3,13885	13,1647	78
1489277573,643455502	29,8098	7,5112	13,1647	78
1489277574,643242941	30,9117	8,99005	13,1647	78
1489277575,637487169	31,305	4,32585	13,1647	78
1489277576,630670695	31,7398	8,79759	13,1647	78
1489277577,628336298	31,3632	4,19327	13,1647	78
1489277578,620710403	29,8648	9,09915	13,1647	78
1489277579,618019962	27,3415	8,72867	13,1647	78
1489277580,604509285	24,3779	2,56381	13,1647	78
1489277581,594565925	21,7278	8,14702	13,1647	78
1489277582,596151028	19,5075	6,24188	13,1647	78
1489277583,602570563	17,6557	0,162892	13,1647	78
1489277584,606837333	15,9086	8,89925	13,1647	78
1489277585,606807733	14,3839	7,47468	13,1647	78
1489277586,619210567	12,9058	0,104801	13,1647	78
1489277587,634220282	12,1865	0,222009	13,1647	78
1489277588,629890920	11,494	8,56337	13,1647	78
1489277589,627181827	11,0419	0,114554	13,1647	78
1489277590,631861309	10,9495	12,1502	13,1647	78
1489277591,614123651	10,7198	9,532	13,1647	78
1489277592,608330574	11,0346	10,2329	13,1647	78
1489277593,609905399	11,5783	0,143347	13,1647	78
1489277594,597683245	12,472	10,8813	13,1647	78
1489277595,595828434	13,4531	11,2019	13,1647	78
1489277596,599125980	14,5475	0,276406	13,1647	78
1489277597,598815956	15,4282	0,194637	13,1647	78
1489277598,588716659	15,1594	11,9621	13,1647	78
1489277600,594757269	14,691	11,7743	13,1647	78
1489277601,596933234	14,5109	0,232597	13,1647	78
1489277602,615451251	13,85	0,192961	13,1647	78
1489277603,622832565	13,4517	11,928	13,1647	78
1489277604,638730174	13,7658	11,8065	13,1647	78
1489277605,637487322	14,313	12,0817	13,1647	78
1489277606,642749027	13,7419	0,0517898	13,1647	78
1489277607,640878642	11,6163	0,0365815	13,1647	78
1489277608,648189007	7,38492	0,0569504	13,1647	78
1489277609,646374969	4,11218	0,173685	13,1647	78
1489277610,643706135	1,71566	0,16556	13,1647	78
1489277611,679467096	0,514576	0,22936	13,1647	78
1489277612,655602947	0,139658	0,142904	13,1647	78
1489277613,662092386	0,0614711	0,190683	13,1647	78
1489277614,669327550	0,0392872	0,146164	13,1647	78
1489277615,655948999	0,0286456	0,433875	13,1647	78
1489277616,662233811	0,0302476	0,459796	13,1647	78
1489277617,660690369	0,0175538	0,341588	13,1647	78
1489277618,657851632	0,017095	0,152577	13,1647	78
1489277619,659202051	0,0185629	0,362774	13,1647	78
1489277620,664500711	0,0198337	0,25462	13,1647	78
1489277621,645121028	0,0204415	0,286468	13,1647	78
1489277622,649233856	0,0220329	0,274051	13,1647	78
1489277623,642918072	0,0230255	0,0770633	13,1647	78
1489277624,640454064	0,0250708	0,0696808	13,1647	78
1489277625,638523339	0,0258094	0,174926	13,1647	78
1489277626,625813738	0,0266649	0,0702619	13,1647	78
1489277627,623562710	0,0279769	0,34239	13,1647	78
1489277628,622639977	0,0285319	0,109096	13,1647	78
1489277629,623108477	0,0287973	0,227618	13,1647	78
1489277630,616258716	0,0285522	0,497987	13,1647	78
1489277631,611582787	0,028054	0,381442	13,1647	78
1489277632,610332823	0,0270203	0,381479	13,1647	78
1489277633,595722248	0,0256826	0,422456	13,1647	78
1489277634,593384158	0,0230466	0,0828365	13,1647	78

Μεγαλύτερη καθυστέρηση στο χρόνο σύγκλισης σε σχέση με το 1
average: 0,17
strictness: 2
 
particles_number: 10000
 
a1: 0,14
 
a2: 0,04
 
duration: 1

