1489276639,442417779	26,3013	22,061	9,10664	51
1489276639,631457207	26,065	2,94889	9,10664	51
1489276640,446950503	25,4939	7,73035	9,10664	51
1489276641,456311132	25,1343	8,21249	9,10664	51
1489276642,453792629	25,2256	5,13762	9,10664	51
1489276643,454450685	25,2721	5,10673	9,10664	51
1489276644,450188495	25,1358	9,75199	9,10664	51
1489276645,475070905	24,8542	4,0308	9,10664	51
1489276646,467840485	24,9071	4,24735	9,10664	51
1489276647,475348210	24,6589	1,86093	9,10664	51
1489276648,474096751	24,476	3,91212	9,10664	51
1489276649,462121708	24,4949	4,72507	9,10664	51
1489276650,465397483	24,2258	2,05872	9,10664	51
1489276651,462157906	24,0107	9,41069	9,10664	51
1489276652,452095931	24,7528	5,13938	9,10664	51
1489276653,468058625	25,5014	2,57331	9,10664	51
1489276654,460967881	25,8615	6,85691	9,10664	51
1489276655,458608455	25,8357	9,124	9,10664	51
1489276656,451996509	25,4545	6,33499	9,10664	51
1489276657,444652720	25,8621	9,23899	9,10664	51
1489276658,453966856	26,7632	9,22246	9,10664	51
1489276659,460058590	27,5607	6,73925	9,10664	51
1489276660,453183519	27,3188	8,80792	9,10664	51
1489276661,452067782	27,1548	5,20821	9,10664	51
1489276662,449226920	28,0336	9,46338	9,10664	51
1489276663,433392437	28,2762	11,6929	9,10664	51
1489276664,421255052	27,4821	0,366806	9,10664	51
1489276665,418827292	25,4015	12,0033	9,10664	51
1489276666,421166223	25,4198	9,51323	9,10664	51
1489276667,417472168	25,8455	8,36106	9,10664	51
1489276668,410483022	24,8254	9,77247	9,10664	51
1489276669,401970200	22,2156	9,72162	9,10664	51
1489276670,400283803	17,4762	9,99798	9,10664	51
1489276671,403657836	13,1127	0,262266	9,10664	51
1489276672,416739822	9,95941	0,381234	9,10664	51
1489276673,426593331	7,09719	0,222914	9,10664	51
1489276674,438006388	4,93328	0,253769	9,10664	51
1489276675,439891134	3,30876	0,2406	9,10664	51
1489276676,431967184	2,05638	10,3139	9,10664	51
1489276677,433719843	1,3567	0,361976	9,10664	51
1489276678,435756311	1,05828	0,172921	9,10664	51
1489276679,439747332	0,900607	0,273018	9,10664	51
1489276680,438517113	0,941951	0,162986	9,10664	51
1489276681,441902426	0,857675	0,370122	9,10664	51
1489276682,444323254	0,913312	0,346138	9,10664	51
1489276683,451370955	0,300546	0,243232	9,10664	51
1489276684,456293643	0,12197	0,400661	9,10664	51
1489276685,458500003	0,0357642	0,261724	9,10664	51
1489276686,459583579	0,0132661	0,17979	9,10664	51
1489276687,452174401	0,0131463	0,272464	9,10664	51
1489276688,456578860	0,0129721	0,218005	9,10664	51
1489276689,451325581	0,0125527	0,460528	9,10664	51

Nao robocup
average: 0,17
strictness: 2
 
particles_number: 10000
 
a1: 0,07
 
a2: 0,02
 
duration: 1
