1489595314,341731002	27,2966	22,3408	10,7908	64
1489595314,696971566	26,6266	1,6549	10,7908	64
1489595315,322435534	26,3038	1,44892	10,7908	64
1489595316,329143742	25,7966	5,4684	10,7908	64
1489595317,312605974	24,4683	9,04532	10,7908	64
1489595318,321930338	23,5497	8,34456	10,7908	64
1489595319,324475909	23,6912	3,55571	10,7908	64
1489595320,323758994	22,4789	6,06131	10,7908	64
1489595321,318021032	21,4981	0,967431	10,7908	64
1489595322,308852990	21,146	6,8487	10,7908	64
1489595323,312588122	20,2849	5,41995	10,7908	64
1489595324,310316054	19,2485	5,25623	10,7908	64
1489595325,312957798	18,0747	6,87965	10,7908	64
1489595326,310643663	17,2371	4,8979	10,7908	64
1489595327,315963787	16,5595	4,50653	10,7908	64
1489595328,343581215	15,6501	4,16157	10,7908	64
1489595329,331187103	3,76759	7,95042	10,7908	64
1489595330,325938435	3,60865	3,59776	10,7908	64
1489595331,315090934	3,69993	3,40824	10,7908	64
1489595332,310787464	4,31433	3,24094	10,7908	64
1489595333,311821877	5,70043	2,92453	10,7908	64
1489595334,310560613	8,05751	4,12049	10,7908	64
1489595335,334844189	8,99207	4,55897	10,7908	64
1489595336,309516390	9,02372	2,55493	10,7908	64
1489595337,313949992	8,71513	2,276	10,7908	64
1489595338,330374407	8,10419	4,58064	10,7908	64
1489595339,310872761	7,28853	6,60846	10,7908	64
1489595340,315183031	6,38632	1,43533	10,7908	64
1489595341,311419201	5,44983	1,87568	10,7908	64
1489595342,314856904	4,62625	1,04743	10,7908	64
1489595343,321422803	4,6309	3,18426	10,7908	64
1489595344,363897014	3,41521	4,13793	10,7908	64
1489595345,341030404	2,46595	3,93167	10,7908	64
1489595346,342405745	1,9666	0,432379	10,7908	64
1489595347,341273435	1,58481	6,74291	10,7908	64
1489595348,294496706	1,30432	2,69112	10,7908	64
1489595349,290960110	0,786819	3,38466	10,7908	64
1489595350,284245813	0,46318	3,44862	10,7908	64
1489595351,279355929	0,230568	2,39661	10,7908	64
1489595352,287721756	0,0754601	2,13478	10,7908	64
1489595353,269562124	0,053278	3,07465	10,7908	64
1489595354,268384083	0,0430779	2,14999	10,7908	64
1489595355,265513675	0,0271464	1,89274	10,7908	64
1489595356,256939349	0,0331014	1,82005	10,7908	64
1489595357,251443478	0,059236	0,291802	10,7908	64
1489595358,272441832	0,0774396	0,272576	10,7908	64
1489595359,291195343	0,0689411	0,302541	10,7908	64
1489595360,296281431	0,0383754	0,315218	10,7908	64
1489595361,298422638	0,0322549	0,316986	10,7908	64
1489595362,301501925	0,0256286	0,181289	10,7908	64
1489595363,297777629	0,0146236	0,366715	10,7908	64
1489595364,312336542	0,00800517	0,219896	10,7908	64
1489595365,296213651	0,00628638	0,351145	10,7908	64
1489595366,319802168	0,00584075	0,387598	10,7908	64
1489595367,312066465	0,00579257	0,295354	10,7908	64
1489595368,325335341	0,00568526	0,177641	10,7908	64
1489595369,336356020	0,00534356	0,214183	10,7908	64
1489595370,343004977	0,00556181	0,22547	10,7908	64
1489595371,342139581	0,00575761	0,345695	10,7908	64
1489595372,325849796	0,00596361	0,220243	10,7908	64
1489595373,333639976	0,0061567	0,294333	10,7908	64
1489595374,330585729	0,00635733	0,13075	10,7908	64
1489595375,322863876	0,00642131	0,180578	10,7908	64
1489595376,315345018	0,00626144	0,15356	10,7908	64
1489595377,325993241	0,00622815	0,3267	10,7908	64

Πιο γρήγορη σύγκλιση από το αντίστοιχο χωρίς QRs (nao_robocup7) (4 QRs)

strictness: 1
 
particles_number: 10000
 
a1: 0,07
 
a2: 0,02
 
duration: 1
