1489278756,073262595	26,6444	11,5014	12,9564	92
1489278756,301949840	26,7697	8,27393	12,9564	92
1489278757,064927812	26,8736	2,48929	12,9564	92
1489278758,069543420	26,8978	7,46662	12,9564	92
1489278759,072692210	26,6931	5,44087	12,9564	92
1489278760,086975371	26,2531	6,48658	12,9564	92
1489278761,088091721	26,3771	5,41532	12,9564	92
1489278762,090778355	26,2361	3,23891	12,9564	92
1489278763,084432657	26,1876	2,89288	12,9564	92
1489278764,079217960	26,0202	5,15664	12,9564	92
1489278765,079364291	26,2424	6,46517	12,9564	92
1489278766,080768951	26,0171	8,74343	12,9564	92
1489278767,075515853	25,7322	4,54278	12,9564	92
1489278768,083925338	26,1674	3,79259	12,9564	92
1489278769,083614211	26,3256	8,68055	12,9564	92
1489278770,081534712	27,1034	4,91864	12,9564	92
1489278771,074472338	27,3891	6,2112	12,9564	92
1489278772,070942147	27,0023	4,27931	12,9564	92
1489278773,074722163	27,1196	6,57906	12,9564	92
1489278774,073374564	26,8333	5,15686	12,9564	92
1489278775,076510343	26,8752	4,49019	12,9564	92
1489278776,073215113	26,7325	7,83567	12,9564	92
1489278777,070574707	26,1583	7,79545	12,9564	92
1489278778,089866582	25,7656	7,06702	12,9564	92
1489278779,065460376	25,5909	6,78234	12,9564	92
1489278780,065867527	25,4405	5,28172	12,9564	92
1489278781,056870438	25,3927	7,15574	12,9564	92
1489278782,058351601	25,6085	8,84025	12,9564	92
1489278783,057778685	25,9841	8,65487	12,9564	92
1489278784,050015721	26,171	8,23356	12,9564	92
1489278785,046526809	26,6696	10,0175	12,9564	92
1489278786,048588185	26,2711	7,88826	12,9564	92
1489278787,047360960	26,1918	7,10028	12,9564	92
1489278788,046693175	25,7782	8,1574	12,9564	92
1489278789,054283217	25,455	7,18332	12,9564	92
1489278790,052926986	24,7027	8,98484	12,9564	92
1489278791,053290979	24,2834	12,8268	12,9564	92
1489278792,094513741	23,7953	9,20967	12,9564	92
1489278793,063397559	23,6519	2,78731	12,9564	92
1489278794,059268223	23,3484	9,4534	12,9564	92
1489278795,055132296	23,5141	9,66898	12,9564	92
1489278796,047918933	23,7586	9,83019	12,9564	92
1489278797,045172493	22,6941	9,9405	12,9564	92
1489278798,052234193	21,0717	9,84833	12,9564	92
1489278799,056554495	18,9703	12,4341	12,9564	92
1489278800,055530630	17,3738	10,0738	12,9564	92
1489278801,050750325	15,9757	9,92714	12,9564	92
1489278802,044351823	15,0909	10,1773	12,9564	92
1489278803,040517633	14,4151	6,84721	12,9564	92
1489278804,039779380	13,7718	6,70189	12,9564	92
1489278805,033444380	15,3861	10,9245	12,9564	92
1489278806,023553560	16,369	7,02276	12,9564	92
1489278807,026342571	16,97	7,26902	12,9564	92
1489278808,032043123	15,3832	11,4882	12,9564	92
1489278809,038653104	12,5485	6,97874	12,9564	92
1489278810,045905277	9,26587	7,28344	12,9564	92
1489278811,052835752	7,2668	7,47279	12,9564	92
1489278812,056193707	7,48972	7,40529	12,9564	92
1489278813,057620901	8,89333	0,314875	12,9564	92
1489278814,065797366	10,5907	7,45379	12,9564	92
1489278815,061568591	13,0833	0,929794	12,9564	92
1489278816,060847436	15,0866	0,824995	12,9564	92
1489278817,061271061	16,865	0,132364	12,9564	92
1489278818,062434251	18,1334	14,9078	12,9564	92
1489278819,062107763	18,9241	0,724326	12,9564	92
1489278820,062482162	17,9415	8,68846	12,9564	92
1489278821,055484495	17,8927	9,07538	12,9564	92
1489278822,055285440	17,4755	8,8733	12,9564	92
1489278823,052208934	16,9126	9,33737	12,9564	92
1489278824,045540800	16,0424	0,916505	12,9564	92
1489278825,049073987	14,1176	9,32221	12,9564	92
1489278826,075324942	13,5771	9,62821	12,9564	92
1489278827,053517462	13,3425	1,42096	12,9564	92
1489278828,054010816	10,2451	8,90062	12,9564	92
1489278829,055160062	7,61929	0,242089	12,9564	92
1489278830,049678927	6,51167	0,996225	12,9564	92
1489278831,046887044	5,66668	8,784	12,9564	92
1489278832,043050047	5,2163	8,60402	12,9564	92
1489278833,044226986	4,93748	1,0086	12,9564	92
1489278834,031797716	5,16212	8,58094	12,9564	92
1489278835,030652784	5,10199	8,30311	12,9564	92
1489278836,031011239	5,19156	0,19723	12,9564	92
1489278837,041827371	4,50668	0,163137	12,9564	92
1489278838,043469637	3,31643	7,64094	12,9564	92
1489278839,051459188	2,2211	0,542385	12,9564	92
1489278840,056393435	1,02008	0,245147	12,9564	92
1489278841,057966142	0,414265	0,198042	12,9564	92
1489278842,057380414	0,137453	0,528046	12,9564	92
1489278843,062537900	0,0451995	0,215541	12,9564	92
1489278844,054020504	0,0343589	0,079006	12,9564	92
1489278845,055341359	0,0334603	0,397918	12,9564	92
1489278846,052969032	0,0373252	0,418235	12,9564	92
1489278847,055468786	0,0360356	0,227333	12,9564	92

Μεγαλύτερη ελαστικότητα και μεγάλος θόρυβος άρα μεγαλύτερη καθυστέρηση
στη σύγκλιση, μεγαλύτερη διασπορά κ απόσταση από την πραγματική θέση σε
σχέση με τα 1, 3

average: 0,14
strictness: 1
 
particles_number: 10000
 
a1: 0,14
 
a2: 0,04
 
duration: 1
