1489285585,368550571	26,6654	9,45547	131,255	50
1489285588,040588000	26,3348	10,2562	131,255	50
1489285591,200736249	26,6028	6,68287	131,255	50
1489285594,601357819	26,107	6,13985	131,255	50
1489285597,326438385	26,4008	3,62408	131,255	50
1489285600,235320892	26,1515	2,84928	131,255	50
1489285603,450553326	25,4071	7,60812	131,255	50
1489285606,281387329	24,7504	11,6446	131,255	50
1489285609,150956070	24,7228	4,19902	131,255	50
1489285611,654238751	23,7882	3,85863	131,255	50
1489285614,545314257	23,2876	11,2869	131,255	50
1489285617,631884947	22,079	11,2745	131,255	50
1489285620,773537427	20,2177	3,60735	131,255	50
1489285623,685723700	18,7423	9,99375	131,255	50
1489285626,877600589	17,8891	10,204	131,255	50
1489285630,074461529	16,8423	9,94541	131,255	50
1489285632,917780321	17,4962	10,4486	131,255	50
1489285636,166610345	20,0224	3,03031	131,255	50
1489285639,358022465	21,9932	5,06965	131,255	50
1489285642,644661000	22,2174	1,55916	131,255	50
1489285646,018062403	16,7297	17,2437	131,255	50
1489285649,234291283	8,93446	1,72418	131,255	50
1489285652,705926301	4,07992	6,59528	131,255	50
1489285655,756389264	1,55998	2,48088	131,255	50
1489285658,556047057	0,695609	0,391838	131,255	50
1489285661,254938729	0,455797	2,31818	131,255	50
1489285664,191949717	0,468386	2,49324	131,255	50
1489285666,461590585	0,497457	6,72519	131,255	50
1489285668,816900258	0,505863	0,717596	131,255	50
1489285671,758465167	0,471681	1,25341	131,255	50
1489285675,124893717	0,52186	2,00476	131,255	50
1489285678,196412537	0,450991	2,16513	131,255	50
1489285681,325021346	0,331786	0,503958	131,255	50
1489285684,339794496	0,302558	1,54471	131,255	50
1489285687,375467106	0,318135	0,235903	131,255	50
1489285690,339709854	0,333191	0,727297	131,255	50
1489285693,249350645	0,322796	0,419715	131,255	50
1489285696,529226012	0,323144	0,390481	131,255	50
1489285700,333737427	0,293842	0,500258	131,255	50
1489285703,249056098	0,345133	1,73298	131,255	50
1489285705,542844388	0,418986	1,16912	131,255	50
1489285707,488934301	0,395888	1,97841	131,255	50
1489285709,664632070	0,482537	0,583167	131,255	50
1489285712,495853070	0,618028	0,857483	131,255	50
1489285715,907690003	0,77097	2,14715	131,255	50
1489285719,408302660	0,644086	1,31517	131,255	50
1489285722,775426972	0,531519	1,56966	131,255	50
1489285725,897648707	0,434985	0,935724	131,255	50
1489285728,845498489	0,342328	1,80786	131,255	50
1489285731,617425271	0,309791	1,25786	131,255	50
1489285734,516363939	0,31045	0,885153	131,255	50

Αυξημένος θόρυβος, μικρή αυστηρότητα γι αυτό έχουμε πιο αργή σύγκλιση
σε συνδυασμό με μεγαλύτερη διασπορά κ απόσταση από την πραγματική θέση
σε σχέση με τα πειράματα 1,3.
average: 2,63
strictness: 1
 
particles_number: 10000
 
a1: 0,14
 
a2: 0,04
 
duration: 3
