1489286211,110687494	26,5582	16,5032	119,127	42
1489286214,561076109	26,1147	3,51958	119,127	42
1489286218,075766387	25,8185	7,51308	119,127	42
1489286221,083107252	25,5247	2,46201	119,127	42
1489286223,918393687	25,3004	7,55399	119,127	42
1489286226,908712443	26,0152	1,87502	119,127	42
1489286229,864720642	26,6237	9,52501	119,127	42
1489286232,701662322	26,7012	5,35717	119,127	42
1489286235,419704721	25,7098	2,10973	119,127	42
1489286238,418462612	25,5202	8,157	119,127	42
1489286240,607095201	24,7065	9,20444	119,127	42
1489286243,197306272	24,856	7,93008	119,127	42
1489286245,646486005	24,835	10,3086	119,127	42
1489286247,970734341	24,2225	14,3607	119,127	42
1489286250,122166046	23,3739	9,17503	119,127	42
1489286252,616034758	23,8002	5,77713	119,127	42
1489286254,970931200	24,5227	5,55697	119,127	42
1489286257,276975969	23,2264	15,5926	119,127	42
1489286259,694565384	22,8975	12,9149	119,127	42
1489286262,578920124	23,385	10,7856	119,127	42
1489286265,893698132	21,431	1,43286	119,127	42
1489286269,474092073	16,6441	1,29568	119,127	42
1489286272,977510707	12,6939	0,243699	119,127	42
1489286276,346500709	8,29785	1,7786	119,127	42
1489286279,453100227	5,47103	9,28563	119,127	42
1489286281,700955870	5,61808	16,5956	119,127	42
1489286284,120349436	6,14404	0,713822	119,127	42
1489286286,877548650	5,1877	0,425896	119,127	42
1489286289,799555398	3,75019	0,698473	119,127	42
1489286292,835637071	2,37344	0,317182	119,127	42
1489286295,915032112	1,877	0,589676	119,127	42
1489286299,157723660	1,58908	1,1174	119,127	42
1489286302,264886465	1,42552	0,806492	119,127	42
1489286305,181762597	0,808126	0,849135	119,127	42
1489286308,198300213	0,35748	0,312551	119,127	42
1489286311,542100975	0,168766	0,20179	119,127	42
1489286314,822541629	0,131805	0,586514	119,127	42
1489286317,836413658	0,131653	0,0886016	119,127	42
1489286320,491453643	0,140136	0,487507	119,127	42
1489286322,697142724	0,105716	0,115917	119,127	42
1489286324,934705148	0,081407	0,539694	119,127	42
1489286327,496767608	0,0871533	0,348586	119,127	42
1489286329,996972799	0,0868654	0,249599	119,127	42

Πιο αργή σύγκλιση από τα 3 προηγούμενα, μικρότερη διασπορά από 3,5, 
μεγαλύτερη από 1

average: 2,83

strictness: 1
 
particles_number: 10000
 
a1: 0,07
 
a2: 0,02
 
duration: 2,5
