1489264391,542692679	26,1268	23,8869	96,989	30
1489264395,299763627	25,8082	0,60924	96,989	30
1489264398,536683529	25,5417	7,42676	96,989	30
1489264401,635829999	24,8166	6,97852	96,989	30
1489264404,890173374	24,9843	0,474148	96,989	30
1489264407,872997677	24,5506	6,23437	96,989	30
1489264411,615065906	24,1131	5,44711	96,989	30
1489264415,051542938	23,863	7,56069	96,989	30
1489264418,288082112	22,8696	7,30034	96,989	30
1489264421,459084110	20,2518	3,90885	96,989	30
1489264424,258700162	16,2308	6,21807	96,989	30
1489264427,064292231	14,0306	0,855106	96,989	30
1489264430,007094445	9,74191	0,648893	96,989	30
1489264433,492183406	6,22508	1,36365	96,989	30
1489264437,101167034	2,98317	0,69645	96,989	30
1489264441,028805469	1,34943	0,711949	96,989	30
1489264445,444970282	0,625732	0,394589	96,989	30
1489264449,922931446	0,31808	1,52887	96,989	30
1489264454,726102448	0,215742	0,967595	96,989	30
1489264458,700489981	0,127409	0,491087	96,989	30
1489264461,671979388	0,119947	2,25146	96,989	30
1489264463,941921526	0,0681525	0,990517	96,989	30
1489264465,982904654	0,0818134	0,845017	96,989	30
1489264468,885710431	0,062679	0,790329	96,989	30
1489264471,873487338	0,0379668	0,424336	96,989	30
1489264474,813703728	0,0405359	0,358889	96,989	30
1489264477,585962288	0,0435294	0,75695	96,989	30
1489264480,709546934	0,0469534	0,657561	96,989	30
1489264483,886027076	0,0537853	0,524426	96,989	30

Pandora Robocup step 10
strictness: 2
average: 3,34
particles_number: 10000
 
a1: 0,07
 
a2: 0,02
 
duration: 2
