1489282063,826475974	26,48	21,0326	38,5142	102
1489282064,294636390	26,8776	4,97646	38,5142	102
1489282064,760234959	26,2184	10,3471	38,5142	102
1489282065,251519058	24,7484	1,86586	38,5142	102
1489282065,740318849	23,0465	4,14335	38,5142	102
1489282066,223900477	21,3378	7,51513	38,5142	102
1489282066,743290898	19,2004	5,73877	38,5142	102
1489282067,215637330	17,0795	10,12	38,5142	102
1489282067,717781235	16,7708	10,1428	38,5142	102
1489282068,246517289	15,5254	3,29815	38,5142	102
1489282068,748358760	16,6818	4,77867	38,5142	102
1489282069,256287996	16,0998	10,2003	38,5142	102
1489282069,769530953	15,968	10,2316	38,5142	102
1489282070,254430902	16,6913	5,71274	38,5142	102
1489282070,739513263	17,8361	5,84052	38,5142	102
1489282071,239576460	17,7361	10,2742	38,5142	102
1489282071,749353800	18,2563	10,301	38,5142	102
1489282072,242769874	19,2328	4,12295	38,5142	102
1489282072,750951334	18,8056	10,3807	38,5142	102
1489282073,255245368	18,2121	2,41525	38,5142	102
1489282073,757327226	16,6908	3,75931	38,5142	102
1489282074,262389962	15,926	3,6264	38,5142	102
1489282074,779677449	14,1226	10,4443	38,5142	102
1489282075,272221487	13,0558	3,35355	38,5142	102
1489282075,782097794	13,1609	10,546	38,5142	102
1489282076,281891807	13,1639	0,316726	38,5142	102
1489282076,799592934	14,9046	0,283449	38,5142	102
1489282077,286723437	16,8943	2,94119	38,5142	102
1489282077,813520343	18,2612	0,36952	38,5142	102
1489282078,291613004	18,1764	10,536	38,5142	102
1489282078,789942615	16,6521	10,6153	38,5142	102
1489282079,281947516	14,3756	0,341082	38,5142	102
1489282079,776191646	10,8565	10,6223	38,5142	102
1489282080,276659895	7,68119	0,365914	38,5142	102
1489282080,792265010	5,0092	0,351828	38,5142	102
1489282081,286906674	2,67363	0,356388	38,5142	102
1489282081,793047974	2,02394	0,386598	38,5142	102
1489282082,290122085	1,15448	0,346775	38,5142	102
1489282082,788237264	0,748953	0,336363	38,5142	102
1489282083,286833997	0,677454	0,366069	38,5142	102
1489282083,794629893	0,0860783	0,321363	38,5142	102
1489282084,302375389	0,00140081	0,337058	38,5142	102
1489282084,807314829	0,0017319	0,346624	38,5142	102
1489282085,299325890	0,00180952	0,343775	38,5142	102
1489282085,814647227	0,00209659	0,324722	38,5142	102
1489282086,320351894	0,00221156	0,383758	38,5142	102
1489282086,841019854	0,00243268	0,331109	38,5142	102
1489282087,362619916	0,00280099	0,326608	38,5142	102
1489282087,831076541	0,00337428	0,419007	38,5142	102
1489282088,356882928	0,00348356	0,362459	38,5142	102
1489282088,833004557	0,00387124	0,355021	38,5142	102
1489282089,323689196	0,00400213	0,36396	38,5142	102
1489282089,830408066	0,00395968	0,300928	38,5142	102
1489282090,318248677	0,00388948	0,298452	38,5142	102
1489282090,817164611	0,00400419	0,377854	38,5142	102
1489282091,310096610	0,00364656	0,314163	38,5142	102
1489282091,811949152	0,00331768	0,308765	38,5142	102
1489282092,305064966	0,00329777	0,29142	38,5142	102
1489282092,801717132	0,00296345	0,335803	38,5142	102
1489282093,288732296	0,00307229	0,280299	38,5142	102
1489282093,759070153	0,00328969	0,301779	38,5142	102
1489282094,232941623	0,00312172	0,360326	38,5142	102
1489282094,717968017	0,0031943	0,36796	38,5142	102
1489282095,204246168	0,00323604	0,300024	38,5142	102
1489282095,699323743	0,00328691	0,352614	38,5142	102
1489282096,202523602	0,00329768	0,293559	38,5142	102
1489282096,706886477	0,00332141	0,411712	38,5142	102
1489282097,226802005	0,00330941	0,305301	38,5142	102
1489282097,718072605	0,00311414	0,265214	38,5142	102
1489282098,223534573	0,0032005	0,276494	38,5142	102
1489282098,719156974	0,00324564	0,261607	38,5142	102
1489282099,230253120	0,00305992	0,34649	38,5142	102
1489282099,738247867	0,00289786	0,397775	38,5142	102
1489282100,246494765	0,0032983	0,27511	38,5142	102
1489282100,755355494	0,00313944	0,304068	38,5142	102
1489282101,268585984	0,0032996	0,248692	38,5142	102
1489282101,774495531	0,00350336	0,381455	38,5142	102
1489282102,298182450	0,00366731	0,262027	38,5142	102
1489282102,807588482	0,00370032	0,281655	38,5142	102
1489282103,311883949	0,00371482	0,256592	38,5142	102
1489282103,817358729	0,00377318	0,255658	38,5142	102
1489282104,280505553	0,00396441	0,281027	38,5142	102
1489282104,786826519	0,00397335	0,216333	38,5142	102
1489282105,278882538	0,00406711	0,192482	38,5142	102
1489282105,779132032	0,00421814	0,207158	38,5142	102
1489282106,284897932	0,00418458	0,245895	38,5142	102
1489282106,766917968	0,00393128	0,313619	38,5142	102
1489282107,266904788	0,00367249	0,298182	38,5142	102
1489282107,783323717	0,00360992	0,257509	38,5142	102
1489282108,257314364	0,00353597	0,275578	38,5142	102
1489282108,750320616	0,0035306	0,19666	38,5142	102
1489282109,259348179	0,00335034	0,309654	38,5142	102
1489282109,779174436	0,00301271	0,286037	38,5142	102
1489282110,295939545	0,00295219	0,268998	38,5142	102
1489282110,829028344	0,00286796	0,201506	38,5142	102
1489282111,337449666	0,00268042	0,189365	38,5142	102
1489282111,837355465	0,00247469	0,17296	38,5142	102
1489282112,347490130	0,00235682	0,229653	38,5142	102
1489282112,861307277	0,00225592	0,281939	38,5142	102
1489282113,354236042	0,00238931	0,238436	38,5142	102
1489282113,855753087	0,0024464	0,218441	38,5142	102
1489282114,366796936	0,00253608	0,330786	38,5142	102
1489282114,866753204	0,0027672	0,261083	38,5142	102

Πάρα πολύ γρήγορη σύγκλιση
average: 0,377
rays_subsampling_step: 10

strictness: 2
 
particles_number: 1000
 
a1: 0,07
 
a2: 0,02
 
duration: 0,5

