1489287143,753895522	26,235	12,6145	38,4757	105
1489287144,123867634	26,1145	9,89507	38,4757	105
1489287144,601899479	25,5463	8,00835	38,4757	105
1489287145,112664606	25,3377	6,24996	38,4757	105
1489287145,597420328	24,1305	6,2899	38,4757	105
1489287146,089703693	23,6695	8,76648	38,4757	105
1489287146,596670087	22,4295	9,29172	38,4757	105
1489287147,108756688	21,9628	5,16152	38,4757	105
1489287147,590583963	21,3119	0,642768	38,4757	105
1489287148,086546157	19,7859	5,78176	38,4757	105
1489287148,578652895	18,916	5,98391	38,4757	105
1489287149,068893236	18,0908	3,05007	38,4757	105
1489287149,569100917	17,1169	5,82975	38,4757	105
1489287150,064885190	15,7925	4,29699	38,4757	105
1489287150,565179401	13,2749	6,10195	38,4757	105
1489287151,065725164	13,1536	4,70689	38,4757	105
1489287151,578804785	13,6086	6,4389	38,4757	105
1489287152,090513326	12,9477	3,60632	38,4757	105
1489287152,604966893	13,1511	6,58051	38,4757	105
1489287153,106833150	13,3665	4,28735	38,4757	105
1489287153,620423570	13,4022	6,49969	38,4757	105
1489287154,133926346	13,6891	9,09001	38,4757	105
1489287154,652104715	14,8474	6,98158	38,4757	105
1489287155,152789707	14,4557	9,05489	38,4757	105
1489287155,644945055	16,439	7,23784	38,4757	105
1489287156,143059225	17,2844	7,54176	38,4757	105
1489287156,650566351	19,0493	7,56506	38,4757	105
1489287157,127985115	19,0148	7,6993	38,4757	105
1489287157,632957757	19,5959	5,84465	38,4757	105
1489287158,130948185	18,4096	9,0721	38,4757	105
1489287158,634362859	17,6991	8,10057	38,4757	105
1489287159,137479355	17,1184	9,0446	38,4757	105
1489287159,613156287	15,0827	9,1778	38,4757	105
1489287160,115893824	13,1803	8,60994	38,4757	105
1489287160,601772628	11,5606	9,08426	38,4757	105
1489287161,096678753	9,90845	8,99016	38,4757	105
1489287161,593980122	7,89979	9,05902	38,4757	105
1489287162,078858963	6,60422	9,11031	38,4757	105
1489287162,583706323	5,81715	9,01283	38,4757	105
1489287163,075169556	5,43881	9,01133	38,4757	105
1489287163,576088365	3,23275	9,29583	38,4757	105
1489287164,071579184	2,22347	9,24775	38,4757	105
1489287164,580951552	1,86957	9,02624	38,4757	105
1489287165,080481479	2,23623	9,11307	38,4757	105
1489287165,585882573	2,1851	9,21058	38,4757	105
1489287166,094650857	1,39788	9,10874	38,4757	105
1489287166,584834364	0,400652	9,06355	38,4757	105
1489287167,083709664	0,01015	8,95971	38,4757	105
1489287167,576668253	0,0109388	8,97763	38,4757	105
1489287168,064687029	0,0111889	9,07236	38,4757	105
1489287168,543562887	0,011991	9,02058	38,4757	105
1489287169,025612157	0,01302	8,95372	38,4757	105
1489287169,500982148	0,0135611	9,015	38,4757	105
1489287169,976474399	0,0154855	9,07779	38,4757	105
1489287170,440122237	0,0179658	9,18754	38,4757	105
1489287170,876077218	0,0251687	9,10144	38,4757	105
1489287171,325291290	0,0270239	9,08526	38,4757	105
1489287171,790714330	1,27658e-06	8,78652	38,4757	105
1489287173,131311092	26,3399	5,34795	38,4757	105
1489287173,639729008	26,5267	6,77746	38,4757	105
1489287174,120841544	25,375	10,8595	38,4757	105
1489287174,617342118	24,555	2,00768	38,4757	105
1489287175,116495788	23,4522	6,48568	38,4757	105
1489287175,621862820	22,2225	7,12701	38,4757	105
1489287176,106160016	20,715	4,00359	38,4757	105
1489287176,596324253	19,9787	4,13331	38,4757	105
1489287177,090290233	19,1726	4,68565	38,4757	105
1489287177,594095928	17,6937	12,8153	38,4757	105
1489287178,094939371	16,1085	5,048	38,4757	105
1489287178,604752701	15,1825	0,341238	38,4757	105
1489287179,108200349	13,2747	7,43794	38,4757	105
1489287179,633524878	12,417	0,0481782	38,4757	105
1489287180,129483263	11,0678	0,485869	38,4757	105
1489287180,640585319	9,25675	0,456124	38,4757	105
1489287181,151596546	9,39694	0,4829	38,4757	105
1489287181,652081474	7,63075	0,564987	38,4757	105
1489287182,148923363	6,22003	0,600814	38,4757	105
1489287182,660014473	5,58028	0,11279	38,4757	105
1489287183,161743551	5,14086	0,454705	38,4757	105
1489287183,662860770	4,61023	0,209205	38,4757	105
1489287184,152291092	3,7713	0,0421413	38,4757	105
1489287184,657572926	3,02187	7,32502	38,4757	105
1489287185,163514949	2,32044	0,415397	38,4757	105
1489287185,656351119	2,16274	0,107943	38,4757	105
1489287186,167860907	1,79493	0,562548	38,4757	105
1489287186,678385336	1,26604	0,121695	38,4757	105
1489287187,155898770	1,0114	0,161159	38,4757	105
1489287187,675880599	0,742025	0,575242	38,4757	105
1489287188,177332611	0,402074	0,0387075	38,4757	105
1489287188,683308949	0,30024	0,181745	38,4757	105
1489287189,191653539	0,246655	0,154122	38,4757	105
1489287189,713390926	0,147053	0,385866	38,4757	105
1489287190,205685227	0,0426246	0,526639	38,4757	105
1489287190,709533067	0,040508	0,194152	38,4757	105
1489287191,210812883	0,0364621	0,112568	38,4757	105
1489287191,712993314	0,0329377	0,165702	38,4757	105
1489287192,207157469	0,0307149	0,191554	38,4757	105
1489287192,715833876	0,0291068	0,228839	38,4757	105
1489287193,209720913	0,0264888	0,174398	38,4757	105
1489287193,712782441	0,0265645	0,544325	38,4757	105
1489287194,221183807	0,0231818	0,236423	38,4757	105
1489287194,712205885	0,0211286	0,148579	38,4757	105
1489287195,212113365	0,0185189	0,069738	38,4757	105
1489287195,712954311	0,0168851	0,0631595	38,4757	105
1489287196,206331064	0,014528	0,116567	38,4757	105

Υπάρχει σύγκλιση στη σωστή θέση αφού το ρομπότ χαθεί μία φορά (παρόμοιο
αποτέλεσμα με το 4 με μεγαλύτερη διασπορά)

average: 0,37
strictness: 1
 
particles_number: 1000
 
a1: 0,14
 
a2: 0,04
 
duration: 0,5
