1489284796,001852302	26,5705	12,8098	103,112	32
1489284799,033668754	26,0041	6,33691	103,112	32
1489284803,125770597	25,4785	7,12462	103,112	32
1489284806,974888813	25,8643	9,26967	103,112	32
1489284810,438557625	26,3022	5,99289	103,112	32
1489284813,428577724	27,1545	9,30919	103,112	32
1489284816,701329137	25,9484	6,8066	103,112	32
1489284819,656662168	23,8008	2,40153	103,112	32
1489284822,677952408	21,5814	7,53536	103,112	32
1489284825,539779008	17,4442	10,1528	103,112	32
1489284828,492338240	14,2872	10,676	103,112	32
1489284831,810163421	12,1744	0,509353	103,112	32
1489284835,475718108	11,6159	0,557845	103,112	32
1489284838,937725376	11,0791	0,840576	103,112	32
1489284843,032822199	9,97687	13,4865	103,112	32
1489284847,424346580	8,38742	14,3725	103,112	32
1489284851,586267297	7,24753	1,40938	103,112	32
1489284855,589919288	5,99627	1,45499	103,112	32
1489284859,145236237	4,28972	1,00141	103,112	32
1489284862,176509710	3,22956	1,0876	103,112	32
1489284864,758167757	1,75328	0,293154	103,112	32
1489284866,947784633	0,985796	1,23414	103,112	32
1489284869,202504019	0,954094	0,613355	103,112	32
1489284871,621590462	1,17506	0,976239	103,112	32
1489284873,568470970	1,33091	0,431561	103,112	32
1489284876,066697255	1,17673	0,579062	103,112	32
1489284879,410897887	0,793684	0,890484	103,112	32
1489284882,610824904	0,247982	0,597851	103,112	32
1489284886,043880204	0,0836216	0,475367	103,112	32
1489284889,418856583	0,056364	0,625151	103,112	32
1489284892,974969216	0,0567531	0,298411	103,112	32
1489284896,337713908	0,0573393	0,710243	103,112	32
1489284899,531736232	0,061484	0,269309	103,112	32

Πιο αργή σύγκλιση στην πραγματική θέση από το 1
average: 3,22
strictness: 2
 
particles_number: 10000
 
a1: 0,14
 
a2: 0,04
 
duration: 2,5
