1489285167,921400600	26,6015	24,7531	44,0481	116
1489285168,387406995	24,9495	6,51098	44,0481	116
1489285168,862701007	24,1432	6,75002	44,0481	116
1489285169,350783597	23,0926	4,35436	44,0481	116
1489285169,836014925	20,8697	5,03775	44,0481	116
1489285170,324201659	16,4887	4,94065	44,0481	116
1489285170,813061764	13,4398	5,31774	44,0481	116
1489285171,309576663	10,0799	5,21153	44,0481	116
1489285171,804654066	6,87412	5,60655	44,0481	116
1489285172,305381357	5,35095	5,65199	44,0481	116
1489285172,821195863	4,5076	5,7876	44,0481	116
1489285173,325885924	3,63215	5,99385	44,0481	116
1489285173,845232551	3,15704	6,05414	44,0481	116
1489285174,339708949	2,49981	6,22899	44,0481	116
1489285174,852248328	2,26467	6,11721	44,0481	116
1489285175,348080740	2,26908	6,27279	44,0481	116
1489285175,858894688	2,15011	6,37456	44,0481	116
1489285176,356461326	2,1106	6,52481	44,0481	116
1489285176,869032822	2,16157	6,42244	44,0481	116
1489285177,357394623	2,29177	6,45221	44,0481	116
1489285177,867224703	2,97995	6,52404	44,0481	116
1489285178,357694011	3,37872	6,60504	44,0481	116
1489285178,863204831	4,49978	6,79092	44,0481	116
1489285179,366137862	6,04521	6,79804	44,0481	116
1489285179,860573327	7,41077	7,06706	44,0481	116
1489285180,362787184	9,06566	7,15163	44,0481	116
1489285180,863198063	10,4885	7,27793	44,0481	116
1489285181,350965346	11,4567	7,26578	44,0481	116
1489285181,855370212	11,8162	9,12505	44,0481	116
1489285182,359115376	11,1687	7,58822	44,0481	116
1489285182,868144189	9,8741	7,63423	44,0481	116
1489285183,359230753	8,30964	9,09083	44,0481	116
1489285183,853816302	5,9271	9,05356	44,0481	116
1489285184,346930614	3,81252	7,9864	44,0481	116
1489285184,847745341	2,42988	9,16722	44,0481	116
1489285185,350582824	1,57417	9,12686	44,0481	116
1489285185,859479732	0,488919	9,13036	44,0481	116
1489285186,353285186	0,338814	9,15233	44,0481	116
1489285186,836120979	0,289883	9,12885	44,0481	116
1489285187,345959043	0,0931188	9,11498	44,0481	116
1489285187,848311082	0,0310987	9,1465	44,0481	116
1489285188,343308031	0,00212935	9,0915	44,0481	116
1489285188,834895089	0,00223278	9,00611	44,0481	116
1489285189,347121571	0,00215221	9,14417	44,0481	116
1489285189,839800926	0,00221582	9,13539	44,0481	116
1489285190,345412189	0,00228432	9,08828	44,0481	116
1489285190,847400523	0,00218	9,07913	44,0481	116
1489285191,345520223	0,00231925	9,06654	44,0481	116
1489285191,853242569	0,00244552	9,13178	44,0481	116
1489285192,360179280	0,00270615	9,02809	44,0481	116
1489285192,856747992	0,00312604	9,15166	44,0481	116
1489285193,364190971	0,00342402	8,99386	44,0481	116
1489285193,850752827	0,00403949	8,9822	44,0481	116
1489285194,328715714	0,00454271	9,09723	44,0481	116
1489285194,814736758	0,00552515	8,99811	44,0481	116
1489285195,305310529	0,00653429	9,19223	44,0481	116
1489285195,774965078	0,00703941	9,05723	44,0481	116
1489285196,254159261	0,00786384	8,95985	44,0481	116
1489285196,730574968	0,00777693	9,10841	44,0481	116
1489285197,186193487	0,00889095	9,0435	44,0481	116
1489285197,619428916	0,0100288	9,10955	44,0481	116
1489285198,084448567	0,0128311	9,00905	44,0481	116
1489285198,571105497	0,00885648	8,91666	44,0481	116
1489285199,906013997	26,8879	10,7244	44,0481	116
1489285200,377990431	26,7254	7,85321	44,0481	116
1489285200,856911604	24,8789	8,77033	44,0481	116
1489285201,352559156	23,5901	13,4286	44,0481	116
1489285201,832834844	23,9608	9,57124	44,0481	116
1489285202,328229005	22,7223	8,75882	44,0481	116
1489285202,841592432	19,4834	5,11941	44,0481	116
1489285203,354880028	15,6133	7,16348	44,0481	116
1489285203,852702940	11,6283	3,33702	44,0481	116
1489285204,364816825	8,69089	8,75446	44,0481	116
1489285204,880413077	6,91802	7,58192	44,0481	116
1489285205,392778679	5,1941	7,60864	44,0481	116
1489285205,904567373	4,3653	7,82699	44,0481	116
1489285206,425630894	4,4436	8,06072	44,0481	116
1489285206,923200182	5,09478	8,14853	44,0481	116
1489285207,451554566	7,25347	8,35329	44,0481	116
1489285207,941702362	9,10836	8,37314	44,0481	116
1489285208,453186221	11,0401	8,57886	44,0481	116
1489285208,950845924	10,2015	0,0495726	44,0481	116
1489285209,458730582	6,31099	0,0752459	44,0481	116
1489285209,960216960	3,38575	9,10728	44,0481	116
1489285210,502810930	1,50518	0,182585	44,0481	116
1489285210,974460875	0,467799	0,14736	44,0481	116
1489285211,469179493	0,110657	0,154461	44,0481	116
1489285211,954253385	0,00332318	0,155083	44,0481	116
1489285212,460807272	0,00340567	0,128319	44,0481	116
1489285212,955829266	0,00351113	0,0745617	44,0481	116
1489285213,463461215	0,00366735	0,0963555	44,0481	116
1489285213,957931811	0,00381298	0,111605	44,0481	116
1489285214,462686128	0,00380717	0,139145	44,0481	116
1489285214,983168383	0,00397448	0,220922	44,0481	116
1489285215,491631620	0,0038326	0,213598	44,0481	116
1489285215,978508721	0,00378203	0,460011	44,0481	116
1489285219,172137752	0,00369727	0,0602404	44,0481	116
1489285219,721053726	0,00348136	0,248704	44,0481	116
1489285220,248343926	0,00364103	0,0454765	44,0481	116
1489285220,766825218	0,0039123	0,00353684	44,0481	116
1489285221,283487698	0,00407927	0,193816	44,0481	116
1489285221,800933104	0,00421439	0,109464	44,0481	116
1489285222,269684979	0,0046011	0,123385	44,0481	116
1489285222,752022412	0,00425004	0,0645406	44,0481	116
1489285223,237103447	0,00426157	0,0445717	44,0481	116
1489285223,716949040	0,00438685	0,110379	44,0481	116
1489285224,194353659	0,00424693	0,0878082	44,0481	116
1489285224,670388632	0,00447757	0,131432	44,0481	116
1489285225,139529028	0,00445435	0,103642	44,0481	116
1489285225,605130272	0,0045944	0,182137	44,0481	116
1489285226,073658548	0,00474187	0,0129331	44,0481	116
1489285226,532366444	0,00477559	0,0779713	44,0481	116
1489285226,990953759	0,00477178	0,0520255	44,0481	116
1489285227,467304253	0,00445833	0,192443	44,0481	116
1489285227,958050736	0,00396119	0,171959	44,0481	116
1489285228,556745325	0,0038032	0,101191	44,0481	116

Aρχικά το ρομπότ χάνεται, γίνεται επαναρχικοποίηση των particles και 
στη συνέχεια εντοπίζεται η θέση (συνδυασμός αυξημένου θορύβου και μικρού
Ν)

average: 0,38

strictness: 2
 
particles_number: 1000
 
a1: 0,14
 
a2: 0,04
 
duration: 0,5

