1489268496,915835294	14,1594	20,5599	17,1982	86
1489268497,242337633	12,9454	8,91633	17,1982	86
1489268497,948063269	12,057	11,3158	17,1982	86
1489268498,952583644	11,4219	10,1443	17,1982	86
1489268499,931063738	10,7155	9,24301	17,1982	86
1489268500,926379541	10,0629	9,66673	17,1982	86
1489268501,920368344	9,72251	2,92836	17,1982	86
1489268502,933818040	9,37943	8,35174	17,1982	86
1489268503,927335933	9,01091	3,43115	17,1982	86
1489268504,935061583	8,76536	7,5979	17,1982	86
1489268505,947665878	8,71958	8,71394	17,1982	86
1489268506,925001083	8,50255	8,33055	17,1982	86
1489268507,928224449	8,22652	9,19021	17,1982	86
1489268508,928200803	8,24843	8,69745	17,1982	86
1489268509,930254097	8,4814	7,75372	17,1982	86
1489268510,927759560	8,65887	2,31625	17,1982	86
1489268511,925565531	9,05183	0,890809	17,1982	86
1489268512,918742174	9,43432	3,17268	17,1982	86
1489268513,905664604	9,733	7,07028	17,1982	86
1489268514,897693049	10,0022	7,58024	17,1982	86
1489268515,890812911	9,9202	6,60778	17,1982	86
1489268516,889788808	9,99553	6,66558	17,1982	86
1489268517,893062028	9,89858	3,66466	17,1982	86
1489268518,900096469	9,35272	5,13713	17,1982	86
1489268519,919052254	8,75284	8,95813	17,1982	86
1489268520,913869756	8,15286	4,87347	17,1982	86
1489268521,906082664	7,79423	0,686732	17,1982	86
1489268522,896854633	7,40461	4,69015	17,1982	86
1489268523,889819646	7,27247	4,43953	17,1982	86
1489268524,894134856	7,28616	4,40276	17,1982	86
1489268525,880205520	7,27446	1,66221	17,1982	86
1489268526,886560697	7,1018	10,9623	17,1982	86
1489268527,889950192	6,70085	3,56626	17,1982	86
1489268528,898049228	5,76489	3,44787	17,1982	86
1489268529,901205150	5,06515	3,19172	17,1982	86
1489268530,903691379	4,68538	6,82753	17,1982	86
1489268531,899433968	4,62868	2,5787	17,1982	86
1489268532,892214480	5,00894	0,0603699	17,1982	86
1489268533,881544779	5,62883	1,24835	17,1982	86
1489268534,881149764	6,46654	6,6189	17,1982	86
1489268535,878708742	7,46018	0,268154	17,1982	86
1489268536,876055198	8,25812	8,68493	17,1982	86
1489268537,882763148	8,52505	5,55928	17,1982	86
1489268538,881742433	8,692	11,8453	17,1982	86
1489268539,881734767	8,36504	0,0618614	17,1982	86
1489268540,885515976	7,81289	0,166305	17,1982	86
1489268541,884043336	6,68192	0,150764	17,1982	86
1489268542,881663173	4,99544	12,2224	17,1982	86
1489268543,875580089	3,36159	0,0184505	17,1982	86
1489268544,873544250	2,30101	0,203583	17,1982	86
1489268545,883253029	1,28487	0,0617382	17,1982	86
1489268546,883560226	0,792473	0,176832	17,1982	86
1489268547,886448398	0,436725	0,243675	17,1982	86
1489268548,884725468	0,302276	0,114942	17,1982	86
1489268549,880558423	0,211388	0,116937	17,1982	86
1489268550,872823285	0,150832	0,0855525	17,1982	86
1489268551,877562368	0,139836	0,11661	17,1982	86
1489268552,888827694	0,126187	0,0956035	17,1982	86
1489268553,896962887	0,101327	0,0782079	17,1982	86
1489268554,903170544	0,0534743	0,0788437	17,1982	86
1489268555,912322437	0,0258196	0,0487776	17,1982	86
1489268556,905930437	0,00976326	0,204923	17,1982	86
1489268557,897051781	0,00506896	0,0658367	17,1982	86
1489268558,878895005	0,006002	0,115057	17,1982	86
1489268559,868816584	0,00674049	0,0510491	17,1982	86
1489268560,858391850	0,00876324	0,164314	17,1982	86
1489268561,849723510	0,0105722	0,08637	17,1982	86
1489268562,842194445	0,0108457	0,17261	17,1982	86

Παρόμοιο με το 1ο, με λίγο μεγαλύτερη διασπορά, απόσταση από την πραγματική 
θέση και χρόνο σύγκλισης (λογικό αφού έχουμς διπλάσιο θόρυβο αλλά και
πάλι αρκετά καλό το αποτέλεσμα)

average: 0,25
strictness: 2
 
particles_number: 10000
 
a1: 0,14
 
a2: 0,04
