1489264976,762316716	14,3688	21,8794	18,1658	80
1489264977,152956679	13,1456	3,62769	18,1658	80
1489264977,809569607	12,2899	6,41496	18,1658	80
1489264978,832001189	11,3196	3,83558	18,1658	80
1489264979,832646832	10,88	1,12039	18,1658	80
1489264980,822085498	10,5226	4,47716	18,1658	80
1489264981,837375536	10,2407	4,11877	18,1658	80
1489264982,810409192	9,98752	1,07269	18,1658	80
1489264983,806507167	9,44383	1,43601	18,1658	80
1489264984,791400854	9,03656	10,2875	18,1658	80
1489264985,796118470	8,75674	1,31411	18,1658	80
1489264986,791039077	8,39213	8,96353	18,1658	80
1489264987,821333811	8,19358	8,04016	18,1658	80
1489264988,786177568	8,24567	11,6194	18,1658	80
1489264989,810653083	8,39194	6,8386	18,1658	80
1489264990,803962729	8,68949	6,22138	18,1658	80
1489264991,807018191	9,00434	8,93679	18,1658	80
1489264992,781901805	9,3998	0,653689	18,1658	80
1489264993,785448981	9,83097	5,25863	18,1658	80
1489264994,788091146	10,2248	8,41734	18,1658	80
1489264995,756614359	10,6602	8,19598	18,1658	80
1489264996,777916437	10,9469	8,65997	18,1658	80
1489264997,765181320	11,1378	8,03739	18,1658	80
1489264998,772795086	11,4566	9,04479	18,1658	80
1489264999,769936901	11,3196	8,93636	18,1658	80
1489265000,755201770	11,0106	8,95042	18,1658	80
1489265001,773794693	10,714	5,15702	18,1658	80
1489265002,779506358	10,631	0,690961	18,1658	80
1489265003,792288216	11,0289	9,50098	18,1658	80
1489265004,761261786	12,426	1,8235	18,1658	80
1489265005,775159692	13,2189	6,62216	18,1658	80
1489265006,795503275	13,419	5,49301	18,1658	80
1489265007,796727140	12,8318	3,45189	18,1658	80
1489265008,773199099	11,8877	6,71436	18,1658	80
1489265009,772181962	10,5386	6,79921	18,1658	80
1489265010,751068891	9,10126	0,501172	18,1658	80
1489265011,762435078	7,81719	0,518925	18,1658	80
1489265012,742522250	6,47557	6,59453	18,1658	80
1489265013,758387014	5,52193	6,64279	18,1658	80
1489265014,734144219	4,47884	0,253767	18,1658	80
1489265015,718318043	3,9989	0,290382	18,1658	80
1489265016,723744529	3,66409	0,131047	18,1658	80
1489265017,711187982	3,31376	0,0459381	18,1658	80
1489265018,730579806	2,60843	8,89669	18,1658	80
1489265019,736346315	1,87369	0,0856892	18,1658	80
1489265020,769647250	1,2137	0,520442	18,1658	80
1489265021,745288337	0,916735	0,080468	18,1658	80
1489265022,767829091	0,639213	0,607313	18,1658	80
1489265023,721696245	0,395669	0,0216934	18,1658	80
1489265024,749133634	0,188909	0,0171465	18,1658	80
1489265025,713631898	0,0939073	0,0685883	18,1658	80
1489265026,711515059	0,067909	0,473823	18,1658	80
1489265027,717196869	0,0644805	0,0685058	18,1658	80
1489265028,732845265	0,0421224	0,206495	18,1658	80
1489265029,748602069	0,0253555	0,149291	18,1658	80
1489265030,733314361	0,0206041	0,0492106	18,1658	80
1489265031,745834441	0,0152259	0,0426833	18,1658	80
1489265032,752404051	0,00823265	0,139475	18,1658	80
1489265033,758719393	0,00583477	0,0596439	18,1658	80
1489265034,745073124	0,00286179	0,00791053	18,1658	80
1489265035,750428026	0,00310195	0,0422521	18,1658	80
1489265036,754013506	0,00276129	0,0596634	18,1658	80
1489265037,771028178	0,0026343	0,0243439	18,1658	80
1489265038,759360232	0,00272156	0,0126078	18,1658	80
1489265039,756522239	0,00301746	0,0883368	18,1658	80
1489265040,762021163	0,00351968	0,0563986	18,1658	80
1489265041,762238125	0,00413624	0,0535202	18,1658	80
1489265042,765658433	0,004705	0,0422726	18,1658	80
1489265043,779307948	0,00515669	0,104239	18,1658	80
1489265044,793969995	0,0053641	0,0661364	18,1658	80
1489265045,794181444	0,00526398	0,1834	18,1658	80
1489265046,828076650	0,00509298	0,0749632	18,1658	80
1489265047,791918669	0,00483864	0,0384389	18,1658	80
1489265048,784634998	0,00481016	0,127658	18,1658	80

Lab nao
average: 0,245
strictness: 2
 
particles_number: 10000
 
a1: 0,07
 
a2: 0,02
 
duration: 1
