1489273190,728740500	14,8107	14,9326	0	0
1489273191,016073907	14,0473	9,64567	0	0
1489273191,736446650	13,1424	8,25453	0	0
1489273192,741492179	12,3905	8,38312	0	0
1489273193,741267433	11,7008	7,01725	0	0
1489273194,738554819	11,1662	5,5838	0	0
1489273195,738312741	10,8914	3,27772	0	0
1489273196,732396737	10,4316	9,96504	0	0
1489273197,735828111	9,93795	11,521	0	0
1489273198,734149998	9,50211	9,59017	0	0
1489273199,728898835	9,11951	4,00545	0	0
1489273200,729917489	8,7484	6,23762	0	0
1489273201,730698246	8,68492	4,97408	0	0
1489273202,729840179	8,71066	7,3393	0	0
1489273203,721061436	8,92257	9,82492	0	0
1489273204,718935646	9,03512	9,62488	0	0
1489273205,744868172	9,14418	8,97089	0	0
1489273206,719891856	9,48368	7,57819	0	0
1489273207,723095588	9,58792	3,67193	0	0
1489273208,723165565	9,92673	9,28186	0	0
1489273209,729053814	10,1377	3,72819	0	0
1489273210,723752967	10,3504	4,93865	0	0
1489273211,717838807	10,5082	0,428203	0	0
1489273212,725090845	10,3017	0,417628	0	0
1489273213,738531640	9,94215	5,34257	0	0
1489273214,735515879	9,69389	1,83734	0	0
1489273215,728579560	9,49292	4,06457	0	0
1489273216,741016394	9,05401	8,95709	0	0
1489273217,740167693	8,69535	0,378071	0	0
1489273218,738861713	7,95365	0,747868	0	0
1489273219,733185979	7,46537	4,04189	0	0
1489273220,731010518	6,93904	0,486892	0	0
1489273221,725340155	6,60275	5,9875	0	0
1489273222,716573862	6,27319	0,472575	0	0
1489273223,722236286	5,94144	0,391701	0	0
1489273224,721418908	5,50656	0,323612	0	0
1489273225,718669832	5,15205	0,179096	0	0
1489273226,719448200	4,83572	7,64946	0	0
1489273227,714538366	4,68414	11,6984	0	0
1489273228,716667123	4,60104	0,350922	0	0
1489273229,714112969	4,08354	0,568825	0	0
1489273230,729176177	3,50825	0,664378	0	0
1489273231,735640473	2,96114	0,404679	0	0
1489273232,752308735	2,48254	0,485621	0	0
1489273233,747725181	2,32772	0,203264	0	0
1489273234,749090248	2,33531	0,177566	0	0
1489273235,748452696	2,28414	0,326504	0	0
1489273236,744035058	2,47459	0,403449	0	0
1489273237,792046872	2,4765	0,228256	0	0
1489273238,718813287	2,27837	0,369102	0	0
1489273239,777811269	2,21332	0,310161	0	0
1489273240,715033108	1,97827	0,191588	0	0
1489273241,687188503	1,87125	0,467924	0	0
1489273242,687181856	1,83623	11,6269	0	0
1489273243,684844185	1,76877	0,0371228	0	0
1489273244,689741725	1,79846	0,668785	0	0
1489273245,694686745	1,93898	0,410831	0	0
1489273246,699651170	2,02013	0,601232	0	0
1489273247,702196701	2,106	13,3933	0	0
1489273248,703864170	1,78354	0,2514	0	0
1489273249,706981189	1,36572	0,0905321	0	0
1489273250,703518547	0,976466	0,260558	0	0
1489273251,697837909	0,676871	0,41007	0	0
1489273252,687900591	0,536502	0,559129	0	0
1489273253,681880514	0,414723	0,149639	0	0
1489273254,674223184	0,301104	0,866753	0	0
1489273255,669918053	0,237044	0,237544	0	0
1489273256,678914646	0,148153	0,0720635	0	0
1489273257,690374968	0,116323	0,122224	0	0
1489273258,695825911	0,0821218	0,480806	0	0
1489273259,715692164	0,0649772	0,116558	0	0
1489273260,731746314	0,0528374	0,257049	0	0
1489273261,740494775	0,0474737	0,281041	0	0
1489273262,737272791	0,0435968	0,352699	0	0
1489273263,725669027	0,0397458	0,13815	0	0
1489273264,716896570	0,0370872	0,270734	0	0
1489273265,715201046	0,0373748	0,271941	0	0

Υπάρχει μεγαλύτερη ελαστικότητα (μισό strictness) άρα μεγαλύτερη απόκλιση 
από την πραγματική θέση και μεγαλύτερη διασπορά σε σχέση με τα 1, 3

average: 0,21
strictness: 1
 
particles_number: 10000
 
a1: 0,14
 
a2: 0,04
 
duration: 1
