1489275787,461643394	14,4418	17,4178	15,777	76
1489275787,776044167	13,3941	8,59895	15,777	76
1489275788,499628334	12,6688	7,97872	15,777	76
1489275789,486235790	12,2418	9,83309	15,777	76
1489275790,483807233	11,7907	4,74872	15,777	76
1489275791,479179586	11,325	4,77065	15,777	76
1489275792,488490696	11,2124	0,306431	15,777	76
1489275793,476143812	10,8931	9,92891	15,777	76
1489275794,476958892	10,5996	0,86438	15,777	76
1489275795,471097535	10,3599	9,615	15,777	76
1489275796,470476808	9,94717	8,83259	15,777	76
1489275797,481790658	9,80192	3,79319	15,777	76
1489275798,480111096	9,65015	7,1113	15,777	76
1489275799,488105725	9,52502	2,54949	15,777	76
1489275800,470481813	9,64972	10,7643	15,777	76
1489275801,474633636	9,89708	7,12518	15,777	76
1489275802,456225745	10,0234	9,17503	15,777	76
1489275803,459373067	10,0866	8,29364	15,777	76
1489275804,456943066	10,178	5,80193	15,777	76
1489275805,478558967	10,1793	5,70656	15,777	76
1489275806,467141019	10,2483	0,617499	15,777	76
1489275807,467738336	10,4411	8,9961	15,777	76
1489275808,459922493	10,5273	10,6148	15,777	76
1489275809,473920225	10,6924	10,0614	15,777	76
1489275810,480988010	10,4557	6,4342	15,777	76
1489275811,470272004	10,0048	5,18648	15,777	76
1489275812,459671486	9,84868	7,10618	15,777	76
1489275813,464012036	9,61218	7,17065	15,777	76
1489275814,465352999	9,57997	11,1748	15,777	76
1489275815,466770937	9,44175	6,82817	15,777	76
1489275816,471933823	9,47922	5,53454	15,777	76
1489275817,464072940	9,34612	3,70247	15,777	76
1489275818,470008677	9,33961	7,20022	15,777	76
1489275819,489820499	9,36853	7,07674	15,777	76
1489275820,505995022	9,53085	9,68862	15,777	76
1489275821,499355098	9,8543	2,83786	15,777	76
1489275822,498440969	10,4094	2,60342	15,777	76
1489275823,488878121	11,0908	7,38378	15,777	76
1489275824,486380926	11,6813	6,99479	15,777	76
1489275825,474171854	12,3302	2,7486	15,777	76
1489275826,488015844	12,8561	0,315874	15,777	76
1489275827,448050600	12,8063	0,755223	15,777	76
1489275828,445661445	12,5416	8,38218	15,777	76
1489275829,433031344	12,0851	0,237182	15,777	76
1489275830,460738178	11,648	3,23139	15,777	76
1489275831,424408192	11,7112	8,43244	15,777	76
1489275832,407339126	11,6135	3,85535	15,777	76
1489275833,402773520	11,4381	9,52268	15,777	76
1489275834,408271459	11,2614	9,20319	15,777	76
1489275835,401385144	11,1671	12,0989	15,777	76
1489275836,410429941	9,9372	9,68442	15,777	76
1489275837,410284319	8,86467	0,244377	15,777	76
1489275838,414836486	8,73582	5,12349	15,777	76
1489275839,414192548	7,66587	4,35107	15,777	76
1489275840,420825749	6,71561	9,2166	15,777	76
1489275841,435794058	5,59377	0,191209	15,777	76
1489275842,438456727	4,19096	0,393185	15,777	76
1489275843,434470859	3,00158	0,193076	15,777	76
1489275844,427080295	2,1187	0,0271173	15,777	76
1489275845,431645065	1,56351	0,126198	15,777	76
1489275846,427952870	1,30662	9,06398	15,777	76
1489275847,416655760	1,21516	0,234337	15,777	76
1489275848,424620199	1,24052	0,317519	15,777	76
1489275849,427305154	0,940462	0,221833	15,777	76
1489275850,426147226	0,734948	0,82867	15,777	76
1489275851,413608870	0,641941	0,113429	15,777	76
1489275852,395867555	0,534978	0,184001	15,777	76
1489275853,388849876	0,325719	0,121949	15,777	76
1489275854,407466203	0,163381	0,444156	15,777	76
1489275855,415658809	0,0703305	0,404505	15,777	76
1489275856,426166458	0,0422089	0,252019	15,777	76
1489275857,445590513	0,0317336	0,185308	15,777	76
1489275858,472316280	0,0305068	0,123915	15,777	76
1489275859,475246185	0,0303816	0,0863706	15,777	76
1489275860,474557845	0,028633	0,0955081	15,777	76
1489275861,477738822	0,0265513	0,314446	15,777	76
1489275862,472848830	0,0254542	0,170235	15,777	76


Παρόμοιο αποτέλεσμα με το 5
average: 0,20
strictness: 1
 
particles_number: 10000
 
a1: 0,07
 
a2: 0,02
 
duration: 1
