1489592929,225086375	14,2101	14,2188	9,04654	44
1489592929,536389561	13,3228	0,963328	9,04654	44
1489592930,238214416	12,4182	8,5325	9,04654	44
1489592931,245692282	11,9855	1,38101	9,04654	44
1489592932,308002988	11,4627	12,6361	9,04654	44
1489592933,252278175	11,0309	8,26196	9,04654	44
1489592934,257831204	10,8472	9,72175	9,04654	44
1489592935,241261679	10,8183	13,6324	9,04654	44
1489592936,256820018	10,5703	13,0035	9,04654	44
1489592937,245374951	9,97705	9,26795	9,04654	44
1489592938,239690586	9,74514	5,56642	9,04654	44
1489592939,239978515	8,97524	8,16219	9,04654	44
1489592940,225397725	8,46707	0,145606	9,04654	44
1489592941,231432901	8,10518	5,07719	9,04654	44
1489592942,217853480	8,0108	4,6401	9,04654	44
1489592943,235108312	8,7026	8,93399	9,04654	44
1489592944,221418064	8,99118	9,1033	9,04654	44
1489592945,216823069	9,00608	3,43956	9,04654	44
1489592946,219663163	9,71903	0,814824	9,04654	44
1489592947,215101709	11,2168	3,26173	9,04654	44
1489592948,219190259	8,02898	9,71232	9,04654	44
1489592949,224226927	5,58063	0,662457	9,04654	44
1489592950,249269918	1,37331	1,21859	9,04654	44
1489592951,219652960	1,17571	1,43078	9,04654	44
1489592952,218832677	0,989454	0,608084	9,04654	44
1489592953,217555751	0,780974	0,732348	9,04654	44
1489592954,220264462	0,631632	0,778544	9,04654	44
1489592955,226911424	0,380661	0,759897	9,04654	44
1489592956,230585278	0,181422	0,719181	9,04654	44
1489592957,228744780	0,0987622	0,70906	9,04654	44
1489592958,236576604	0,0602476	0,339047	9,04654	44
1489592959,224904432	0,0452915	0,708042	9,04654	44
1489592960,219643535	0,03301	0,776703	9,04654	44
1489592961,227166918	0,0279358	0,295812	9,04654	44
1489592962,257411007	0,0256732	0,815803	9,04654	44
1489592963,220191546	0,0255441	0,300298	9,04654	44
1489592964,234966388	0,0261825	0,756811	9,04654	44
1489592965,206217736	0,0259989	0,379552	9,04654	44
1489592966,192147928	0,0253764	0,959727	9,04654	44
1489592967,180942421	0,0237739	0,791401	9,04654	44
1489592968,177668954	0,0236481	0,839454	9,04654	44
1489592969,171605007	0,0245558	0,375519	9,04654	44
1489592970,185823054	0,0248017	0,286979	9,04654	44
1489592971,184412656	0,024357	0,774189	9,04654	44
1489592972,208851217	0,0205895	0,770904	9,04654	44
1489592973,216644489	0,0173812	0,671362	9,04654	44
1489592974,217666655	0,0157924	0,602488	9,04654	44
1489592975,235089697	0,013324	0,270649	9,04654	44
1489592976,185981945	0,0124753	1,0102	9,04654	44
1489592977,156255957	0,0120143	0,778729	9,04654	44
1489592978,164302328	0,010639	0,238746	9,04654	44
1489592979,162008324	0,0083633	0,291506	9,04654	44
1489592980,146549073	0,00609157	0,262967	9,04654	44

Nao, lab
4 QRs
Πιο γρήγορη σύγκλιση από το αντίστοιχο χωρίς τα QRs

strictness: 2
 
particles_number: 10000
 
a1: 0,07
 
a2: 0,02
 
duration: 1
