1489262751,524785580	14,837	18,0833	73,7534	19
1489262754,995670524	13,3915	10,6552	73,7534	19
1489262758,991672339	12,0675	9,66293	73,7534	19
1489262762,997353115	10,842	5,57595	73,7534	19
1489262767,306286562	10,0386	3,46955	73,7534	19
1489262771,290960053	10,3713	7,98947	73,7534	19
1489262774,996237948	10,6675	6,2994	73,7534	19
1489262779,297025966	9,58874	10,001	73,7534	19
1489262783,930218156	7,04783	1,11287	73,7534	19
1489262789,162359118	4,37316	0,743025	73,7534	19
1489262793,658445793	2,94842	12,2316	73,7534	19
1489262797,621189840	1,57676	0,619841	73,7534	19
1489262800,494796584	0,580291	0,340262	73,7534	19
1489262805,084093667	0,113222	0,710104	73,7534	19
1489262810,550938350	0,0569431	0,518013	73,7534	19
1489262815,499961574	0,0649056	0,57687	73,7534	19
1489262820,638169572	0,0639818	0,540861	73,7534	19
1489262825,129800605	0,0600622	0,854886	73,7534	19

Pandora Lab
step: 10
average: 4,1
strictness: 2
 
particles_number: 10000
 
a1: 0,07
 
a2: 0,02
 
duration: 4,5
