1489287877,745404420	15,1866	20,6709	99,5069	27
1489287881,326912945	13,5547	7,75293	99,5069	27
1489287886,359558260	12,3039	7,46287	99,5069	27
1489287891,014294480	11,6977	7,39211	99,5069	27
1489287895,748827101	11,4791	1,07036	99,5069	27
1489287900,214743754	12,5083	11,9623	99,5069	27
1489287904,696036592	13,2972	12,6518	99,5069	27
1489287909,266074179	13,4646	12,539	99,5069	27
1489287914,012241034	14,3978	0,234175	99,5069	27
1489287918,210804867	15,1643	5,2712	99,5069	27
1489287921,728716396	14,5152	15,1435	99,5069	27
1489287925,489530072	11,9312	0,389705	99,5069	27
1489287930,223139281	9,97222	0,459675	99,5069	27
1489287935,605149103	8,29257	15,0442	99,5069	27
1489287939,906081443	5,83593	1,1476	99,5069	27
1489287942,413981263	5,41156	0,506439	99,5069	27
1489287948,713080742	2,42354	0,730297	99,5069	27
1489287953,205999738	2,09821	0,956331	99,5069	27
1489287957,742496537	2,20524	1,03816	99,5069	27
1489287962,559234814	1,52038	0,667042	99,5069	27
1489287967,044448157	1,08094	1,54722	99,5069	27
1489287971,767212116	0,945027	1,24984	99,5069	27
1489287974,847609726	0,780141	1,36052	99,5069	27
1489287978,665372860	0,581049	0,172689	99,5069	27
1489287984,422449152	0,575139	0,366112	99,5069	27
1489287989,525582151	0,573099	0,936201	99,5069	27
1489287993,938958861	0,479417	0,301479	99,5069	27
1489287999,098907148	0,372739	0,177182	99,5069	27

Mεγαλύτερη ελαστικότητα και αυξημένος θόρυβος άρα ακόμα πιο αργή σύγκλιση
και μεγαλύτερη διασπορά από τα 1,3, μικρότερη απόσταση από την πραγματική
θέση συγκριτικά με το 3, μεγαλύτερη συγκριτικά με το 1

average: 3,69
strictness: 1
 
particles_number: 10000
 
a1: 0,14
 
a2: 0,04
 
duration: 4,5
