1489287504,978635666	15,2244	15,9498	106,777	24
1489287510,892898594	14,4244	2,55758	106,777	24
1489287515,736565453	12,8966	3,23799	106,777	24
1489287520,585754276	11,7548	4,49334	106,777	24
1489287524,109697737	10,7942	6,60294	106,777	24
1489287528,420595613	10,1189	4,08038	106,777	24
1489287533,078723091	9,29959	1,55418	106,777	24
1489287537,921962245	8,50733	6,92345	106,777	24
1489287543,004446581	8,5168	6,2554	106,777	24
1489287548,468187438	9,2457	7,8063	106,777	24
1489287553,298493233	9,98064	10,6988	106,777	24
1489287557,526911243	9,37768	8,93849	106,777	24
1489287560,386546991	5,83961	0,266432	106,777	24
1489287563,563563658	2,89345	0,152842	106,777	24
1489287567,129725982	1,5928	0,68092	106,777	24
1489287572,591271570	0,674505	1,48457	106,777	24
1489287577,526447281	0,341826	1,01949	106,777	24
1489287581,927705131	0,233021	0,870037	106,777	24
1489287585,902131093	0,264441	0,949047	106,777	24
1489287589,628360234	0,297093	1,16118	106,777	24
1489287594,773021900	0,2206	1,85012	106,777	24
1489287599,012002668	0,232973	1,09368	106,777	24
1489287603,655729715	0,226378	2,78267	106,777	24
1489287607,927046160	0,231553	1,51414	106,777	24
1489287611,667491568	0,292231	0,939246	106,777	24

Πιο αργή σύγκλιση λόγω αυξημένου θορύβου, καθώς και μεγαλύτερη διασπορά 
και απόσταση από την πραγματική θέση συγκριτικά με το 1

average: 4,45

strictness: 2
 
particles_number: 10000
 
a1: 0,14
 
a2: 0,04
 
duration: 4,5
