1489288641,009936388	15,1646	17,5016	108,547	25
1489288644,396140852	14,0348	2,43793	108,547	25
1489288649,399065837	13,0109	6,64894	108,547	25
1489288653,751743884	12,9081	8,02753	108,547	25
1489288659,533692394	11,5631	6,27805	108,547	25
1489288664,565613755	11,3658	4,10862	108,547	25
1489288668,865140880	10,5548	9,04527	108,547	25
1489288673,036985247	10,4146	3,34723	108,547	25
1489288677,319047767	9,79823	10,233	108,547	25
1489288682,402985881	9,36222	1,38472	108,547	25
1489288686,780655655	8,37687	3,83886	108,547	25
1489288691,761748157	7,2069	1,59084	108,547	25
1489288696,531836626	5,96445	3,44242	108,547	25
1489288701,413182498	5,85685	9,88936	108,547	25
1489288705,486819137	7,20388	4,30497	108,547	25
1489288711,002796887	8,29505	4,47775	108,547	25
1489288716,157624346	7,80419	5,12491	108,547	25
1489288721,451073666	7,74707	5,4594	108,547	25
1489288724,695597991	8,57275	5,15903	108,547	25
1489288727,389922449	10,072	5,35244	108,547	25
1489288729,925479509	11,8417	4,41536	108,547	25
1489288733,609284418	12,3531	8,67477	108,547	25
1489288738,624428207	9,77064	8,37185	108,547	25
1489288744,722405977	4,92226	6,50089	108,547	25
1489288750,191229179	2,10251	6,51037	108,547	25
1489288754,37366277	0,861695	6,13863	108,547	25


Λόγω του μικρού strictness και του χαμηλού θορύβου σε συνδυασμό με το
μεγάλο Ν, δεν υπάρχει σύγκλιση (παρόμοιο βάρος particles??)

average: 4,34
strictness: 1
 
particles_number: 10000
 
a1: 0,07
 
a2: 0,02
 
duration: 4,5
